3.6000000000000005	0.0	-1.7000000000000002
3.610385874108213	0.0	-1.7029548780554167
3.620851997478397	0.0	-1.705937162839848
3.6313993691328657	0.0	-1.7089472003372932
3.6420290065570744	0.0	-1.7119853431505359
3.6527419461246318	0.0	-1.7150519506529134
3.6635392435340255	0.0	-1.7181473891442505
3.6744219742574233	0.0	-1.7212720320111026
3.685391234001964	0.0	-1.7244262598914462
3.6964481391839286	0.0	-1.7276104608439602
3.7075938274162303	0.0	-1.7308250305220567
3.718829458009654	0.0	-1.7340703723528095
3.730156212488325	0.0	-1.7373468977209567
3.7415752951198535	0.0	-1.7406550261581348
3.7530879334758156	0.0	-1.7439951855445681
3.764695379043105	0.0	-1.7473678123326302
3.776398907739016	0.0	-1.7507733517238722
3.7881998205096425	0.0	-1.7542122578830532
3.800099443956385	0.0	-1.757684994163312
3.8120991309815593	0.0	-1.7611920333382243
3.824200261453776	0.0	-1.7647338578409866
3.8364042428938254	0.0	-1.7683109600109888
3.848712511181815	0.0	-1.7719238423480483
3.8611265312863465	0.0	-1.7755730177745905
3.873647798016529	0.0	-1.7792590099060617
3.8862778367977033	0.0	-1.782982353329892
3.899018204471733	0.0	-1.7867435938933205
3.911870490122829	0.0	-1.7905432890004251
3.9248363159298245	0.0	-1.7943820079186965
3.937917338045936	0.0	-1.7982603320955277
3.9511152475070688	0.0	-1.8021788554850011
3.964431771169737	0.0	-1.8061381848853617
3.977868672679769	0.0	-1.8101389402875987
3.991427753472978	0.0	-1.8141817552355655
4.005110853809076	0.0	-1.818267277198099
4.018919853840111	0.0	-1.8223961679535972
4.032856674714814	0.0	-1.826569103987566
4.046923279720278	0.0	-1.8307867769036426
4.0611216754624895	0.0	-1.8350498938486473
4.075453913087238	0.0	-1.8393591779522194
4.089922089594652	0.0	-1.8437153688048913
4.1045283492252835	0.0	-1.848119222964311
4.1192748847259635	0.0	-1.8525715144031185
4.134163938762481	0.0	-1.85707303501887
4.149197805387123	0.0	-1.8616245951642305
4.164378831559242	0.0	-1.8662270241963912
4.179709418721052	0.0	-1.8708811710465278
4.195192024431111	0.0	-1.8755879048101833
4.210829164057934	0.0	-1.8803481153594739
4.226623412536445	0.0	-1.8851627139780922
4.24257740618997	0.0	-1.890032634020103
4.258693844620725	0.0	-1.894958831593597
4.274975492671838	0.0	-1.8999422862703175
4.291425182464147	0.0	-1.9049840018224327
4.308045815511161	0.0	-1.9100850069876874
4.324840364915706	0.0	-1.9152463562642275
4.341811877652104	0.0	-1.9204691307364805
4.35896347693775	0.0	-1.9257544389335153
4.376298364698322	0.0	-1.9311034177214141
4.393819824130972	0.0	-1.936517233231249
4.411531222370197	0.0	-1.9419970818243624
4.429436013261211	0.0	-1.9475441910967222
4.447537740246032	0.0	-1.9531598209242422
4.46584003936771	0.0	-1.9588452645510464
4.484346642398472	0.0	-1.9646018497227848
4.503061380097836	0.0	-1.9704309398672073
4.521988185607167	0.0	-1.9763339353243483
4.541131097987424	0.0	-1.9823122746287922
4.560494265907745	0.0	-1.9883674358468304
4.5800819515976245	0.0	-1.994500938017071
4.599898534855323	0.0	-2.0007143426033664
4.61994851717188	0.0	-2.007009254985642
4.640236526117437	0.0	-2.013387326051888
4.660767319922417	0.0	-2.01985025386113
4.681545792263834	0.0	-2.0263997853811206
4.702576977267733	0.0	-2.0330377183047856
4.7238660547393305	0.0	-2.039765902949633
4.745418355633257	0.0	-2.046586244244665
4.767239367777004	0.0	-2.0535007038095836
4.789334741861593	0.0	-2.0605113021313954
4.81171029771428	0.0	-2.067620120843848
4.834372030869186	0.0	-2.074829305115484
4.85732611945267	0.0	-2.082141066152479
4.880578931401477	0.0	-2.0895576838228425
4.904137032032796	0.0	-2.097081509408974
4.9280071919867	0.0	-2.104714968496068
4.952196395562845	0.0	-2.112460564004363
4.976711849474723	0.0	-2.120320879373747
5.001560992046459	0.0	-2.128298581909868
5.026751502878799	0.0	-2.136396426301486
5.052291313012909	0.0	-2.1446172583195424
5.0781886156225085	0.0	-2.152964018709107
5.10445187726713	0.0	-2.1614397472862064
5.131089849741698	0.0	-2.1700475872523985
5.158111582560057	0.0	-2.1787907897408822
5.185526436112996	0.0	-2.1876727186089595
5.2133440955442465	0.0	-2.196696855492781
5.241574585391207	0.0	-2.2058668051414765
5.270228285040777	0.0	-2.215186301049122
5.2993159450544045	0.0	-2.2246592114043504
5.328848704420758	0.0	-2.2342895453789904
5.358838108831775	0.0	-2.2440814597925236
5.389296130197034	0.0	-2.2540392662386126
5.420235186921279	0.0	-2.2641674384707744
5.451668165526295	0.0	-2.274470620286987
5.483608443616822	0.0	-2.284953633908301
5.516069914239429	0.0	-2.2956214888670115
5.549067011735331	0.0	-2.3064793914414117
5.582614739196749	0.0	-2.3175327546772997
5.616728697645633	0.0	-2.328787209039785
5.651425117064026	0.0	-2.3402486137428054
5.686720889416541	0.0	-2.3519230688078427
5.722633603817938	0.0	-2.3638169279079495
5.759181584012517	0.0	-2.3759368120582214
5.796383928347092	0.0	-2.3882896242193765
5.8342605524360724	0.0	-2.4008825648872767
5.872832234735711	0.0	-2.4137231487480015
5.912120665264833	0.0	-2.4268192224855536
5.9521484977321935	0.0	-2.440178983837649
5.992939405355584	0.0	-2.4538110020042194
6.034518140685888	0.0	-2.4677242395235726
6.076910599780137	0.0	-2.481928075742487
6.120143891102329	0.0	-2.496432332019292
6.1642464095694	0.0	-2.51124729881315
6.209247916202635	0.0	-2.526383764828543
6.255179623893228	0.0	-2.5418530484017725
6.3020742898445565	0.0	-2.5576670313360443
6.349966315314469	0.0	-2.5738381954140857
6.398891853348833	0.0	-2.5903796618421797
6.448888925274441	0.0	-2.6073052339077907
6.499997546805647	0.0	-2.62462944316467
6.552259864716979	0.0	-2.642367599495317
6.6057203051442	0.0	-2.6605358454412342
6.660425734701789	0.0	-2.6791512152375545
6.716425635746906	0.0	-2.698231699040912
6.773772297281974	0.0	-2.717796312899032
6.832521023172352	0.0	-2.7378651750783605
6.892730359816195	0.0	-2.758459589543585
6.954462345480505	0.0	-2.779602137404956
7.017782782184179	0.0	-2.8013167766081795
7.082761534674793	0.0	-2.8236289515996176
7.149472859029017	0.0	-2.8465657138780114
7.2	0.0	-2.8639605158889077
