10.12075922273925	0.3607214428857716	-3.523851093351343
10.142596689910937	0.36110908898758626	-3.5276379686997696
10.164562459329076	0.36149970807401427	-3.5314538868325576
10.186657677071802	0.3618933265146029	-3.5352991053511325
10.208883505775603	0.3622899710960848	-3.539173885932362
10.231241124898311	0.36268966902860345	-3.5430784943893707
10.253731730986443	0.36309244795203494	-3.5470132007332973
10.276356537947027	0.36349833594240827	-3.5509782792360136
10.299116777323963	0.3639073615184247	-3.554974008493813
10.322013698579017	0.3643195536480798	-3.559000671492097
10.345048569377527	0.36473494175538856	-3.5630585556710774
10.368222675878915	0.36515355572721603	-3.567147952992499
10.3915373230321	0.3655754259202152	-3.571269160007418
10.414993834875872	0.36600058316787437	-3.5754224779250454
10.438593554844372	0.3664290587876755	-3.579608212682679
10.4623378460777	0.3668608845883654	-3.5838266750167307
10.486228091762339	0.367296092878201	-3.588078180543277
10.510265695596187	0.3677347164774793	-3.592363049880462
10.534452081989832	0.36817678872174386	-3.596681608679822
10.558788696401555	0.3686223434696161	-3.6010341877027843
10.58327700571437	0.36907141511201785	-3.605421122910769
10.607918498620945	0.3695240385815848	-3.6098427555571404
10.632714686016637	0.36998024936227497	-3.614299432281077
10.657667101400806	0.3704400834991787	-3.6187915052033994
10.682777301286619	0.3709035776085325	-3.6233193320244004
10.708046865619593	0.37137076888794524	-3.6278832761237374
10.733477398205041	0.3718416951268389	-3.632483706662431
10.759070527144688	0.37231639471711137	-3.6371209986870277
10.78482790528267	0.37279490666402565	-3.641795533235974
10.810751210661142	0.37327727059733234	-3.6465076974482757
10.836842146985775	0.37376352678263025	-3.651257884674471
10.863102444101358	0.3742537161329718	-3.65604649459001
10.889533858477769	0.37474788022071964	-3.660873933311075
10.916138173706603	0.3752460612896598	-3.6657406135129165
10.94291720100871	0.3757483022673802	-3.670646954550775
10.96987277975292	0.3762546467779187	-3.6755933825834397
10.997006777986273	0.37676513915468945	-3.6805803306995255
11.024321092976017	0.37727982445369446	-3.685608239046535
11.051817651763706	0.3777987484670276	-3.690677554962776
11.079498411731706	0.37832195773667804	-3.695788733112208
11.10736536118242	0.3788494995686426	-3.7009422356223034
11.135420520083525	0.37938142205256364	-3.7061385322758866
11.163665940714354	0.37991777407783606	-3.711378100668487
11.192103708168675	0.38045860534468906	-3.7166614263165885
11.220735941019564	0.3810039663806599	-3.7219890028185643
11.249564792000585	0.3815539085574723	-3.7273613320195595
11.278592448703812	0.3821084841083336	-3.732778924180465
11.307821134295118	0.38266774614566157	-3.738242298151089
11.337253108247314	0.38323174867925286	-3.7437519815476428
11.366890667091589	0.38380054663490804	-3.749308510934686
11.396736145187846	0.3843741958735253	-3.7549124320116536
11.426791915514485	0.38495275321067723	-3.760564299804096
11.45706039047819	0.3855362764366858	-3.766264678859791
11.487544022744352	0.3861248243372094	-3.772014143449858
11.518245306088739	0.38671845671435817	-3.77781327777503
11.549166776271052	0.38731723440835447	-3.783662676177252
11.580311011931041	0.38792121931975304	-3.7895629433567484
11.61168063550787	0.3885304744322404	-3.795514694594748
11.643278314183435	0.3891450638360293	-3.801518555982023
11.675106760850397	0.3897650527518689	-3.8075751646534366
11.707168735105677	0.3903905075556866	-3.813685169028677
11.739467044270201	0.3910214958038857	-3.8198492290593755
11.77200454443575	0.39165808625931475	-3.8260680164828087
11.80478414153973	0.3923003489179337	-3.8323422150823907
11.837808792468776	0.3929483550361967	-3.838672520955176
11.87108150619206	0.3936021771591746	-3.845059642786585
11.904605344925326	0.39426188914944243	-3.8515043021326014
11.938383425326553	0.39492756621675396	-3.8580072337096616
11.972418919724324	0.39559928494853136	-3.864569185692505
12.006715057497763	0.3962771233450824	-3.871190920058206
12.041275126436748	0.39696116085386246	-3.8778732129208766
12.076102473946651	0.39765147839831017	-3.88461685481336
12.111200508439032	0.3983481584125355	-3.8914226510260947
12.146572700762958	0.39905128487703034	-3.8982914219559643
12.182222585677478	0.39976094335541273	-3.905224003465253
12.218153763366661	0.4004772210322373	-3.9122212472510087
12.254369900998649	0.4012002067519103	-3.9192840212252023
12.290874734330236	0.4019299910587469	-3.92641320990604
12.32767206935861	0.4026666662382102	-3.933609714820827
12.364765784021802	0.40341032635937446	-3.9408744549207837
12.402159829949648	0.40416106731865437	-3.9482083670082333
12.439858234266989	0.40491898688484557	-3.955612406176598
12.477865101450975	0.40568418474552387	-3.9630875462636683
12.51618461524441	0.40645676255485014	-3.970634780318605
12.554821040627111	0.40723682398283356	-3.978255121083185
12.593778725847445	0.4080244747661034	-3.9859496014877873
12.633062104516133	0.4088198227602468	-3.993719275162675
12.672675697764651	0.4096229779937681	-4.001565216965118
12.712624116470593	0.4104340527237294	-4.009488523522939
12.752912063552415	0.41125316149313584	-4.0174903137951095
12.793544336336202	0.412080421190129	-4.025571729649997
12.834525828997071	0.41291595110905643	-4.033733936461951
12.875861535078059	0.4137598730134891	-4.041978123726914
12.917556550089397	0.41461231120125763	-4.050305505697755
12.959616074191224	0.4154733925715884	-4.058717322040111
13.002045414962893	0.4163432466944147	-4.067214838509482
13.044849990262259	0.41722200588195135	-4.0757993476504435
13.088035331178343	0.4181098052626179	-4.084472169518782
13.131607085081043	0.4190067828574015	-4.093234652427487
13.175571018771695	0.41991307965875774	-4.102088173717519
13.219933021738365	0.4208288397121452	-4.111034140554313
13.264699109529507	0.42175421020060144	-4.1200739907539985
13.309875427437033	0.42268934153839516	-4.129209193698268
13.355468253995921	0.42363438745804194	-4.138441251184436
13.401484004636975	0.42458950510139404	-4.147771698315274
13.447929235551301	0.42555485511662194	-4.157202104446425
13.494810647688984	0.42653060175857727	-4.166734074166831
13.542135090897473	0.4275169129926807	-4.176369248313605
13.589909568205503	0.42851396060247987	-4.186109305022756
13.638141240258632	0.42952192030103203	-4.195955960817272
13.686837429912785	0.43054097184627294	-4.205910971734146
13.736005626992483	0.4315712991605404	-4.215976134491994
13.78565349322081	0.4326130904544334	-4.226153287701018
13.83578886732846	0.43366653835518854	-4.2364443131171035
13.88641977034964	0.43473184003977516	-4.246851136942014
13.937554411112925	0.43580919737291085	-4.2573757311716465
13.989201191935631	0.436898817050216	-4.268020114994497
14.041368714530666	0.43800091074673325	-4.2787863562425335
14.094065786135301	0.43911569527105243	-4.289676572896822
14.147301425871797	0.44024339272529084	-4.300692934650359
14.20108487135029	0.4413842306711941	-4.311837664530697
14.255425585524954	0.44253844230263584	-4.323113040585075
14.310333263814986	0.4437062666248089	-4.334521397630916
14.365817841502604	0.44488794864041725	-4.346065129074721
14.421889501420821	0.44608373954319236	-4.357746688802508
14.478558681944671	0.44729389691907906	-4.3695685931451775
14.535836085299913	0.4485186849554494	-4.3815334229223035
14.593732686204424	0.44975837465872814	-4.393643825568088
14.652259740858042	0.4510132440808283	-4.405902517343396
14.711428796297628	0.45228357855482676	-4.418312285638038
14.771251700134993	0.45356967094032064	-4.430875991367637
14.831740610696354	0.45487182187894576	-4.4435965714697625
14.892908007583042	0.45619034006054976	-4.456477041504143
14.95476670267429	0.4575255425005542	-4.469520498362196
15.017329851594182	0.45887775482906334	-4.482730123091295
15.080610965666002	0.46024731159230886	-4.496109183839557
15.14462392437875	0.46163455656706154	-4.509661038927296
15.209382988391917	0.4630398430886687	-4.523389140051591
15.274902813108396	0.46446353439349086	-4.537297035631508
15.341198463120728	0.4659060039848563	-4.55138837438308
15.408285426950313	0.4673676360047044	-4.565666908949849
15.476179632333984	0.4688488256185512	-4.5801364996635545
15.544897462394607	0.47034997942382106	-4.59480111853309
15.61445577254575	0.47187151587678505	-4.609664853415214
15.684871908170106	0.47341386573911387	-4.624731912376881
15.756163723113913	0.4749774725451194	-4.640006628259682
15.82834959904226	0.47656279309082555	-4.655493463457522
15.901448465703057	0.4781702979460823	-4.671197014919412
15.975479822150527	0.47980047199101805	-4.68712201939002
16.050463758982414	0.4814538149782058	-4.703273358901408
16.12642098164863	0.48313084212201196	-4.719656066530333
16.203372834892907	0.4848320847166945	-4.736275332436369
16.281341328393136	0.4865580907849195	-4.753136510197216
16.360349163670545	0.4883094257584817	-4.770245123458573
16.440419762342557	0.4900866731931319	-4.78760687291723
16.52157729579938	0.49189043551955075	-4.805227643657243
16.603846716390045	0.4937213348326453	-4.823113512860499
16.68725379020928	0.49558001372149957	-4.841270757914413
16.771825131583455	0.49746713614247473	-4.859705864941158
16.857588239360556	0.4993833883381344	-4.878425537774554
16.944571535116932	0.5013294798048615	-4.897436707412616
17.032804403401517	0.5033061443122442	-4.916746541975833
17.122317234147346	0.5053141409775306	-4.936362457203407
17.213141467389587	0.5073542553987055	-4.956292127522162
17.30530964043997	0.5094273008499989	-4.9765434977253475
17.398855437678602	0.5115341195439314	-4.997124795301434
17.493813743136663	0.5136755839643152	-5.018044543456057
17.590220696056775	0.5158525982749695	-5.03931157487362
17.688113749632432	0.5180660998092816	-5.060935046268668
17.78753173314378	0.5203170606461512	-5.082924453781117
17.888514917724333	0.5226064892782964	-5.105289649273778
17.991105086012162	0.5249354323793846	-5.128040857595266
18.095345605959654	0.5273049766769725	-5.151188694876578
18.20128150909858	0.529716250938826	-5.17474418793523
18.308959573581916	0.5321704280808097	-5.198718794867027
18.418428412350842	0.5346687274052351	-5.223124426912259
18.529738566805143	0.5372124169793113	-5.247973471690541
18.642942606387617	0.5398028161641732	-5.273278817906631
18.75809523452914	0.5424412983058765	-5.299053881638491
18.875253401446553	0.5451292936009428	-5.3253126343305
18.99447642514022	0.5478682921735336	-5.352069632854064
19.11582611934416	0.5506598473262204	-5.379340051264041
19.23936692972713	0.5535055789999163	-5.407139714598481
19.365166079932102	0.5564071774864596	-5.435485135146464
19.49329372764815	0.5593664073968824	-5.464393551213715
19.62382313153976	0.562385111906429	-5.493882968591764
19.75683082993784	0.5654652172994132	-5.523972204956184
19.892396832284813	0.568608737839252	-5.554680937441464
20	0.5711071693928457	-5.579087861219995
