10.123687525123117	-0.3206412825651296	-3.528752992693145
10.145531310665366	-0.32098585687785375	-3.5325451358242574
10.167503435576561	-0.3213330738435676	-3.536366362140079
10.189605046266433	-0.3216829569018685	-3.5402169296003723
10.211837305707865	-0.32203552986318573	-3.544097100246016
10.234201393699946	-0.3223908169143134	-3.5480071402598976
10.256698507135397	-0.3227488426240303	-3.551947320028758
10.279329860272478	-0.32310963194880654	-3.555917914205998
10.302096685011417	-0.32347321023859893	-3.5599192017754566
10.325000231175492	-0.3238396032427368	-3.563951466116187
10.348041766796827	-0.3242088371159001	-3.568014995068246
10.371222578406973	-0.32458093842419117	-3.5721100809995168
10.394543971332421	-0.32495593415130153	-3.576237020873577
10.41800726999505	-0.32533385170477636	-3.5803961163186386
10.441613818217704	-0.3257147189223773	-3.584587673697577
10.465364979534899	-0.3260985640785461	-3.588812004179059
10.489262137533313	-0.32648541589173324	-3.5930694238182026
10.513306696316986	-0.3268753035355362	-3.5973602536791525
10.537500080708643	-0.32726825664154907	-3.601684819866444
10.56184373658479	-0.3276643053063244	-3.6060434536016186
10.586339131252858	-0.3280634800995704	-3.610436491313438
10.610987753836252	-0.3284658120725188	-3.6148642747299706
10.635791115667486	-0.32887133276646563	-3.619327150972593
10.66075075068961	-0.32928007422149114	-3.623825472651948
10.685868215866156	-0.3296920689853612	-3.628359597965912
10.711145091599771	-0.33010735012261694	-3.632929890799626
10.73658298215981	-0.3305259512238558	-3.6375367208276375
10.762183516119064	-0.33094790641520905	-3.642180463618206
10.787948346799896	-0.33137325036802173	-3.646861500739827
10.813879152729985	-0.3318020183087388	-3.6515802198700404
10.839977638107943	-0.33223424602900364	-3.6563370149065615
10.866245533279061	-0.332669969895974	-3.661132286080812
10.892684595221432	-0.3331092268628609	-3.6659664400739076
10.919296608042709	-0.3335520544796966	-3.670839890135157
10.946083383487792	-0.333998490904337	-3.675753056203151
10.973046761457708	-0.33444857491370444	-3.680706365029491
11.00018861053999	-0.33490234591527845	-3.6857002503052474
11.027510828550835	-0.33535984395883844	-3.6907351527901935
11.055015343089362	-0.3358211097484679	-3.6958115204449147
11.082704112104272	-0.33628618465482385	-3.700929808565836
11.110579124473263	-0.3367551107276813	-3.706090479923278
11.138642400748457	-0.33722793071338886	-3.7112940049535643
11.166895993802987	-0.33770468806918646	-3.716540861916587
11.19534198933392	-0.3381854269730559	-3.721831537004218
11.223982506527305	-0.3386701923383633	-3.7271665245014534
11.252819698739573	-0.3391590298288632	-3.732546326951538
11.281855754195744	-0.3396519858740733	-3.737971455325168
11.311092896704936	-0.3401491076850315	-3.743442429193904
11.340533386393707	-0.34065044327044597	-3.748959776907904
11.370179520457716	-0.34115604145325057	-3.7545240357781253
11.400033633932283	-0.34166595188757704	-3.760135752263102
11.430098100482395	-0.34218022507615653	-3.765795482160462
11.460375333212731	-0.3426989123881642	-3.7715037908033056
11.490867785498327	-0.3432220660775185	-3.777261253261598
11.521577951836493	-0.34374973930165076	-3.783068454548733
11.552508368720614	-0.34428198614075856	-3.7889259898334218
11.583661615536537	-0.3448188616175573	-3.794834464657066
11.615040315482192	-0.34536042171754605	-3.8007944951567896
11.646647136511188	-0.345906723409803	-3.8068067082942956
11.678484792301123	-0.346457824668327	-3.8128717420907425
11.710556043247369	-0.34701378449394277	-3.8189902458678113
11.742863697483111	-0.3475746629367864	-3.8251628804951676
11.775410611926503	-0.34814052111939003	-3.8313903186445173
11.808199693355744	-0.3487114212603847	-3.83767324505046
11.841233899512998	-0.3492874266988406	-3.844012356778364
11.87451624023805	-0.3498686019192655	-3.850408363499479
11.908049778632646	-0.3504550125772813	-3.856861987773515
11.941837632256531	-0.35104672552600263	-3.863373965338948
11.97588297435616	-0.3516438088431381	-3.8699450454112743
12.01018903524502	-0.3522463318622945	-3.876575991027526
12.044759103664285	-0.3528543652034323	-3.8832675793814406
12.079596527987842	-0.35346798079849684	-3.890020602105542
12.114704717613431	-0.3540872519222527	-3.8968358656104782
12.150087144394366	-0.35471225322402605	-3.903714191434358
12.18574734411242	-0.355343060760366	-3.9106564166022006
12.221688917993328	-0.35597975202865445	-3.9176633939958188
12.257915534266276	-0.35662240600169715	-3.924735992734504
12.294430929768955	-0.3572711031633296	-3.931875098566883
12.331238911599758	-0.3579259255450748	-3.9390816142743432
12.368343358818748	-0.35858695676388747	-3.946356460086423
12.40574822419911	-0.35925428206102517	-3.953700574108597
12.443457536030877	-0.359927988342084	-3.9611149127628833
12.481475399978775	-0.3606081642182425	-3.9686004512417417
12.519806000996113	-0.36129490004875475	-3.976158183975728
12.558453605296727	-0.36198828798474003	-3.983789125115406
12.597422562387084	-0.36268842201431317	-3.9914943090280257
12.63671730716071	-0.36339539800910725	-3.9992747908095163
12.676342362057213	-0.3641093137722373	-4.0071316468123435
12.716302339288276	-0.3648302690877584	-4.015065975189808
12.756601943133084	-0.3655583657716753	-4.023078896457423
12.79724597230576	-0.36629370772455816	-4.031171554071968
12.838239322397477	-0.36703640098582696	-4.039345115028902
12.879586988396095	-0.36778655378976693	-4.047600770478829
12.921294067286157	-0.3685442766233391	-4.055939736363724
12.963365760732394	-0.36930968228585526	-4.0643632540736725
13.005807377849838	-0.37008288595058975	-4.072872591124927
13.048624338063924	-0.3708640052284	-4.081469041860068
13.091822174064019	-0.37165316023343686	-4.090153928171165
13.135406534854017	-0.37245047365102246	-4.098928600246799
13.179383188903778	-0.3732560708077834	-4.10779443734389
13.223758027405426	-0.3740700797441278	-4.116752848585341
13.268537067647934	-0.3748926312894223	-4.125805273787366
13.313726456701259	-0.375723859145239	-4.1349531843756635
13.359332474916997	-0.37656389996270273	-4.14419808423664
13.405361539582158	-0.37741289342346024	-4.1535415106084965
13.4518202087848	-0.378270982325885	-4.162985035029944
13.498715185413834	-0.37913831267428966	-4.1725302643220115
13.546053321298615	-0.38001503377127044	-4.18217884160432
13.593841621494109	-0.38090129831331426	-4.1919324473472726
13.64208724871771	-0.38179726248980517	-4.2017928004616465
13.69079752794411	-0.3827030860855748	-4.211761659427195
13.739979951164905	-0.3836189325871459	-4.221840823461883
13.789642182319994	-0.3845449692928285	-4.232032133733533
13.839792062408105	-0.3854813674268331	-4.242337474615675
13.890437614784215	-0.38642830225757674	-4.252758774989538
13.941587050652013	-0.38738595322036407	-4.263298009594193
13.993248774759907	-0.3883545040446353	-4.273957200426953
14.045431391309597	-0.38933414288598395	-4.284738418196269
14.098143710086603	-0.3903250624631565	-4.295643783829453
14.151394752822748	-0.3913274602002573	-4.306675470037685
14.20519375980094	-0.3923415383743935	-4.317835702940886
14.259550196713331	-0.39336750426900846	-4.329126763755203
14.314473761784352	-0.3944055703331623	-4.340550990545937
14.369974393170853	-0.39545595434703623	-4.352110780048968
14.426062276652125	-0.3965188795939474	-4.363808589563827
14.482747853623392	-0.39759457503918	-4.375646938921789
14.540041829406956	-0.39868327551595373	-4.387628412532509
14.59795518189608	-0.39978522191886806	-4.3997556615129385
14.656499170547422	-0.40090066140517944	-4.412031405902433
14.715685345738827	-0.40202984760428906	-4.424458436968236
14.775525558510054	-0.4031730408358395	-4.4370396196056925
14.836031970705145	-0.4043305083368396	-4.449777894837827
14.89721706553624	-0.40550252449826524	-4.462676282419206
14.959093658589522	-0.4066893711116026	-4.47573788354922
15.021674909295466	-0.40789133762583285	-4.488965883700279
15.08497433288667	-0.4091087214153845	-4.502363555566701
15.14900581286798	-0.410341828059609	-4.515934262140435
15.213783614025008	-0.41159097163437103	-4.529681459920089
15.279322396000984	-0.41285647501643513	-4.543608702260803
15.345637227747185	-0.41413867020875994	-4.557719642954205
15.412743602266403	-0.41543789867084724	-4.572018039864003
15.480657451903937	-0.4167545116609332	-4.586507758691898
15.549395164522888	-0.41808887059895083	-4.601192776972101
15.618973600413705	-0.4194413474460298	-4.616077188247834
15.689410109977729	-0.42081232510143324	-4.631165206439745
15.760722552226966	-0.4222021978178827	-4.646461170416678
15.832929314144984	-0.4236113716362882	-4.661969548780006
15.906049330956751	-0.4250402648409607	-4.67769494487339
15.980102107358276	-0.42648930843645916	-4.693642102030608
16.055107739760242	-0.4279589466472928	-4.709815909074939
16.1310869396034	-0.4294496374417871	-4.726221406084463
16.20806105780728	-0.4309618530815049	-4.742863790438597
16.286052110417987	-0.43249608069770495	-4.759748423162203
16.365082805525105	-0.4340528228964269	-4.776880835584724
16.44517657152278	-0.43563259839389346	-4.794266736332973
16.526357586794905	-0.4372359426840438	-4.811912018677539
16.608650810910103	-0.4388634087401278	-4.829822768254043
16.692082017418173	-0.4405155677524427	-4.848005271182145
16.776677828345974	-0.4421930099044206	-4.866466022606627
16.862465750497908	-0.4438963451894514	-4.885211735686761
16.949474213673714	-0.44562620427098676	-4.904249351062022
17.037732610924344	-0.4473832393886601	-4.923586046824201
17.12727134097574	-0.44916812531335915	-4.943229249028265
17.21812185295981	-0.4509815603544035	-4.963186642776652
17.310316693602505	-0.4528242674222198	-4.983466183914318
17.403889557030052	-0.4546969951501599	-5.00407611137469
17.498875337366837	-0.45660051907939	-5.025024960219721
17.595310184311877	-0.4585356429110827	-5.046321575420636
17.693231561895235	-0.46050319983047117	-5.067975126429546
17.792678310631768	-0.4625040539076887	-5.089995122596101
17.8936907133069	-0.4645391015807066	-5.112391429487672
17.99631056464792	-0.4666092732261182	-5.1351742861762855
18.100581245155144	-0.4687155348239742	-5.158354323560645
18.206547799389593	-0.4708588897233996	-5.181942583797269
18.314257019038855	-0.47304038051627395	-5.205950540920894
18.423757531109608	-0.4752610910268743	-5.2303901227411
18.53509989162508	-0.47752214842605323	-5.255273734109461
18.648336685238327	-0.4798247254792638	-5.280614281659738
18.763522631207895	-0.48217004293855564	-5.306425200132503
18.880714696228377	-0.48455937208972527	-5.3327204804072945
18.99997221546302	-0.48699403748758385	-5.359514699605051
19.12135702053078	-0.4894754198455276	-5.3868230528886984
19.244933575746877	-0.49200495911103503	-5.414661387309909
19.37076912420452	-0.49458415776574016	-5.443046238127402
19.49893384389195	-0.49721458435278254	-5.471994867626475
19.629501014670033	-0.49989787725015744	-5.501525306645851
19.762547197014992	-0.5026357487105878	-5.531656399037675
19.89815242351888	-0.5054299891904445	-5.562407849308572
20	-0.5075314192354113	-5.585534714011672
