18.12512912051188	-3.6883767535070153	-5.161357802410567
18.16423754147524	-3.69234043489807	-5.166904409831985
18.20357573717509	-3.6963345150567966	-5.172493555998004
18.24314576010706	-3.7003592636118148	-5.178125618215464
18.282949692420924	-3.7044149544574676	-5.183800979760477
18.32298964639155	-3.7085018658174707	-5.189520029967498
18.363267764897728	-3.712620280309558	-5.19528316431978
18.403786221908923	-3.716770485011125	-5.201090784541241
18.44454722298025	-3.7209527715258934	-5.206943298689746
18.48555300575568	-3.7251674360516165	-5.212841121251853
18.526805840479703	-3.7294147794488492	-5.218784673239045
18.56830803051762	-3.7336951073107842	-5.224774382285462
18.61006191288459	-3.7380087300342004	-5.230810682747173
18.65206985878354	-3.7423559628915157	-5.2368940158030135
18.69433427415229	-3.746737126103982	-5.243024829557003
18.736857600219786	-3.751152544916036	-5.249203579142396
18.779642314115748	-3.755602549679604	-5.25543072683965
18.822690929703533	-3.7600874759822256	-5.261706742255717
18.86600599794055	-3.7646076646798305	-5.268032102369911
18.90959010747826	-3.769163461976824	-5.274407291645974
18.953445885337345	-3.773755219520382	-5.280832802164031
18.997575997597142	-3.778383294496704	-5.287309133755285
19.04198315009945	-3.783048049729261	-5.293836794139491
19.086670089167278	-3.787749853779101	-5.300416299065329
19.131639602338744	-3.7924890810472442	-5.307048172453689
19.176894519116644	-3.7972661118792392	-5.313732946543979
19.222437711733956	-3.802081332671927	-5.320471162043532
19.268272095935764	-3.806935135982463	-5.327263368280158
19.314400631777996	-3.8118279206396615	-5.334110123357967
19.360826324443384	-3.8167600918577227	-5.341011994316502
19.407552225075083	-3.821732061352394	-5.347969557293296
19.454581431628437	-3.826744247459638	-5.354983397689931
19.501917089741305	-3.831797075256859	-5.362054110341676
19.54956239362345	-3.8368909766867727	-5.3691822996908245
19.597520586965494	-3.8420263906839645	-5.376368579963796
19.645794963867893	-3.84720376330422	-5.383613575352116
19.694388869790508	-3.852423547856701	-5.390917920197374
19.743305702523283	-3.857686205039027	-5.398282259180257
19.792548913178557	-3.862992203075358	-5.40570724751377
19.842122007205596	-3.8683420178575343	-5.413193551140747
19.892028545427962	-3.8737361330893725	-5.420741846935768
19.9422721453781	-3.879175040487465	-5.4283528229861515
19.99285648245497	-3.884659239945874	-5.43602717882242
20	-3.88543490407726	-5.437112610269405
