10.486429403558184	0.7304609218436876	-3.596826940797395
10.509055873846487	0.7312459051998622	-3.600692238993553
10.531815282032053	0.732036908849879	-3.6045871814245163
10.554708815601625	0.7328339861920709	-3.608512031026407
10.577737679198574	0.7336371914695717	-3.612467054895191
10.600903094895365	0.7344465797829219	-3.6164525243487473
10.624206302470595	0.7352622071028707	-3.620468714989908
10.647648559690609	0.7360841302833766	-3.624515906770472
10.67123114259586	0.7369124070748099	-3.628594384056218
10.694955345792048	0.7377470961373614	-3.6327044356929257
10.718822482746152	0.7385882570546616	-3.6368463550734376
10.74283388608745	0.7394359503476122	-3.6410204402057706
10.76699090791358	0.7402902374884355	-3.6452269937822908
10.791294920101796	0.7411511809149454	-3.649466323249988
10.815747314625455	0.7420188440450425	-3.6537387408818485
10.840349503875885	0.7428932912914396	-3.658044563849364
10.86510292101506	0.7437745880783566	-3.66238411430474
10.890009020457482	0.7446628008668952	-3.666757719505841
10.915069278078695	0.7455579971615308	-3.671165711848156
10.940285191562417	0.7464602455259722	-3.6756084289428945
10.965658280791171	0.7473696156018357	-3.6800862137089365
10.991190088245153	0.7482861781277088	-3.684599414466706
11.016882179409432	0.7492100049586065	-3.689148385033971
11.042736143189783	0.7501411690858365	-3.6937334848236643
11.068753592337293	0.7510797446572781	-3.6983550789437367
11.094936163882029	0.7520258069980889	-3.7030135382991167
11.12128551957592	0.7529794326318485	-3.7077092396958244
11.147803346345157	0.7539406993021501	-3.712442565947289
11.174491356752304	0.7549096859946516	-3.7172139059829283
11.201351289468365	0.7558864729595977	-3.7220236549590546
11.228384909755102	0.756871141734826	-3.726872214372149
11.255594009957813	0.7578637751692678	-3.7317599921745885
11.282980410008875	0.7588644574469571	-3.73668740289286
11.310545957942312	0.759873274111561	-3.7416548677483576
11.338292530419658	0.760890312091445	-3.7466628147807977
11.36622203326744	0.7619156597252852	-3.7517116789743414
11.394336402026557	0.762949406788246	-3.756801902386489
11.422637602513865	0.7639916445187311	-3.7619339342798073
11.451127631396288	0.7650424656457308	-3.7671082312565867
11.4798085167778	0.7661019644167729	-3.772325257396476
11.508682318799577	0.7671702366265012	-3.7775854843972003
11.53775113041215	0.7682473796564413	-3.782889391770372
11.567017078045158	0.7693334925076177	-3.7882374670021
11.596482322128287	0.7704286758229953	-3.7936302056634914
11.626149057780141	0.7715330319208363	-3.7990681115749023
11.656019515514078	0.7726466648288812	-3.8045516969742477
11.686095961961415	0.7737696803193755	-3.810081482689475
11.716380700612582	0.7749021859449647	-3.8156579983153103
11.746876072576734	0.776044291075487	-3.821281782394433
11.777584457360359	0.7771961069356889	-3.8269533826031816
11.808508273665431	0.7783577466438888	-3.832673355941944
11.839649980207737	0.7795293252516216	-3.838442268930361
11.871012076555916	0.780710959784289	-3.844260697807497
11.902597103991893	0.7819027692828492	-3.8501292287371185
11.934407646393316	0.7831048748465754	-3.8560484580182415
11.966446331138677	0.7843173996769179	-3.8620189923011075
11.9987158300358	0.7855404691225	-3.8680414488087496
12.031218860274434	0.7867742107252869	-3.8741164555643275
12.063958185403635	0.7880187542679595	-3.880244651624402
12.096936616334798	0.7892742318225345	-3.886426687318336
12.130157012371024	0.7905407778002654	-3.8926632244940182
12.16362228226373	0.7918185290028685	-3.898954936770096
12.197335385297313	0.7931076246751124	-3.9053025097949323
12.231299332402752	0.7944082065588159	-3.911706641512493
12.265517187301075	0.7957204189482984	-3.9181680424353864
12.299992067677646	0.7970444087473286	-3.9246874359252852
12.334727146388223	0.7983803255276208	-3.9312655584809595
12.369725652697843	0.7997283215889267	-3.9379031600341756
12.404990873553562	0.801088552020776	-3.9446010042537125
12.440526155014238	0.8024611747737915	-3.9513598688965144
12.476334903659945	0.8038463507290711	-3.958180546149335
12.512420587840161	0.8052442437565777	-3.965063842916256
12.548786739114767	0.806655020785384	-3.972010581164568
12.585436953737064	0.8080788518759865	-3.9790215982808537
12.622374894179432	0.8095159102947107	-3.986097747437363
12.65960429070314	0.8109663725902804	-3.993239897969041
12.697128942973702	0.8124304186726184	-4.00044893576155
12.734952721723452	0.8139082318939623	-4.0077257636506864
12.773079570462937	0.8153999991323756	-4.015071301833593
12.81151350724283	0.8169059108777332	-4.022486488292157
12.850258626468149	0.8184261613202751	-4.029972279229052
12.889319100766597	0.8199609484418123	-4.037529649516843
12.928699182912986	0.8215104741096859	-4.045159593160642
12.968403207811699	0.8230749441735716	-4.052863123774781
13.008435594539291	0.824654568565238	-4.060641275074027
13.048800848449414	0.8262495614013595	-4.068495101379835
13.089503563342271	0.8278601410894998	-4.07642567814222
13.130548423701022	0.8294865304373804	-4.0844341024777995
13.171940206997519	0.831128956765552	-4.0925214937245915
13.213683786069986	0.8327876520236002	-4.10068899401422
13.25578413157529	0.8344628529100113	-4.1089377688621385
13.298246314518547	0.8361548009958395	-4.117269007776572
13.341075508863039	0.8378637428523154	-4.125683924886873
13.38427699422338	0.8395899301825467	-4.134183759592019
13.427856158645165	0.8413336199574666	-4.142769777230025
13.471818501474344	0.8430950745561898	-4.151443269769076
13.516169636319798	0.8448745619109514	-4.160205556521199
13.560915294112705	0.8466723556568011	-4.169057984879376
13.606061326266435	0.8484887352862382	-4.1780019310789696
13.651613707940907	0.8503239863089842	-4.18703880098445
13.697578541415574	0.8521784004170938	-4.196170030902415
13.743962059584902	0.8540522756562179	-4.205397088424894
13.790770629774533	0.8559459166152502	-4.214721473363178
13.838010757367359	0.8578596346025348	-4.224144718615477
13.885689089588222	0.8597937478303229	-4.233668391075193
13.933812419508053	0.8617485816111593	-4.243294092597933
13.982387690186993	0.8637244685611188	-4.253023461002265
14.031421998962319	0.8657217488101783	-4.262858171105589
14.08092260188714	0.8677407702200218	-4.27279993579663
14.1308969183262	0.8697818886095899	-4.282850507146055
14.181352535715382	0.8718454679887025	-4.29301167755683
14.232297214491856	0.8739318808000943	-4.303285280956034
14.283738893202173	0.8760415081702274	-4.313673194029859
14.33568569379591	0.8781747401692567	-4.3241773375036985
14.388145927112904	0.8803319760805445	-4.334799677469253
14.441128098572504	0.8825136246801444	-4.345542226760717
14.494640914073686	0.8847201045266873	-4.356407046382198
14.548693286115325	0.8869518442621347	-4.367396246988637
14.603294340146398	0.889209282923881	-4.378511990422623
14.658453421156421	0.8914928702687137	-4.389756491309578
14.714180100516915	0.8938030671091678	-4.401132018713998
14.770484183085268	0.8961403456628375	-4.412640897859467
14.827375714583026	0.8985051899152379	-4.424285511915418
14.884864989261164	0.9008980959968446	-4.436068303853688
14.942962557865664	0.903319572574964	-4.44799177837811
15.001679235917413	0.9057701412611345	-4.460058503930582
15.06102611232115	0.9082503370347846	-4.472271114777169
15.12101455831906	0.910760708683924	-4.4846323131781025
15.181656236805432	0.9133018192636772	-4.497144871645614
15.242963112019734	0.9158742465735238	-4.509811635293895
15.304947459636363	0.9184785836541494	-4.522635524285612
15.367621877270434	0.9211154393048652	-4.535619536379716
15.430999295420104	0.9237854386226132	-4.54876674958552
15.495092988866855	0.9264892235636225	-4.56208032492833
15.559916588556758	0.9292274535288534	-4.575563509332203
15.625484093986756	0.9320008059744258	-4.589219638625723
15.691809886121595	0.9348099770482999	-4.603052140677053
15.75890874086846	0.9376556822545544	-4.617064538664873
15.82679584314031	0.9405386571468193	-4.631260454492879
15.895486801824054	0.9434596580693343	-4.645643612438794
15.96499766505232	0.9464194629095268	-4.660217842860096
16.035344936042314	0.9494188718775664	-4.674987086032591
16.106545589850715	0.9524587083332379	-4.689955396221971
16.178617090889084	0.95553981965049	-4.705126945940902
16.25157741124105	0.9586630781217056	-4.720506030401695
16.325445049824932	0.9618293819038669	-4.736097072175267
16.40023905244836	0.9650396560089219	-4.751904626067762
16.475979032804407	0.9682948533408167	-4.767933384226951
16.5526851944619	0.9715959557818116	-4.784188181491305
16.63037835390608	0.9749439753308669	-4.800674000995467
16.70907996468939	0.9783399552970744	-4.817395980046767
16.788812142756235	0.9817849715513066	-4.83435941628841
16.869597693009716	0.9852801338394623	-4.851569774165964
16.951460137193052	0.9888265871609255	-4.869032691714959
17.034423743163245	0.9924255132160916	-4.886753987688584
17.118513555639947	0.9960781319270904	-4.904739669045803
17.20375542851815	0.9997857030361068	-4.922995938821567
17.2901760588398	1.0035495277860367	-4.941529204402453
17.37780302252568	1.0073709506885113	-4.960346086232502
17.46666481197658	1.011251361384722	-4.979453426976018
17.556790875660486	1.015192196604845	-4.99885830116587
17.648211659810844	1.0191949422322946	-5.018568025367997
17.74095865237043	1.0232611354794996	-5.038590168895019
17.835064429325108	1.0273923671823788	-5.058932565104371
17.93056270358266	1.031590284221248	-5.07960332331896
18.027488376563642	1.0358565920764613	-5.100610841411283
18.125877592683928	1.0401930575277385	-5.12196381909505
18.225767796922508	1.0446015115068135	-5.143671271971763
18.327197795683215	1.0490838521137955	-5.165742546383446
18.430207821175518	1.0536420478084565	-5.188187335126699
18.534839599557444	1.0582781407885506	-5.211015694087717
18.641136423103287	1.062994250568254	-5.2342380598627125
18.749143226680193	1.0677925777708697	-5.257865268433389
18.85890666884099	1.072675408151123	-5.281908574972924
18.970475217866372	1.0776451168636396	-5.30637967486418
19.083899243117433	1.0827041729956013	-5.331290726018727
19.199231112090423	1.0878551443831057	-5.3566543725928515
19.316525293599266	1.093100702732451	-5.382483770205019
19.435838467548425	1.0984436290694002	-5.408792612768327
19.5572296418063	1.1038868195419085	-5.435595161063441
19.680760277574553	1.1094332916514051	-5.462906273421739
19.806494421961062	1.1150861908355958	-5.4907414381393655
19.934498849102123	1.12084879747483	-5.519116807976948
20	1.1238014954252094	-5.533656043709307
