3676.684385539255	-202.90581162324648	-1244.1402148575744
3684.4338919492207	-203.11437937925572	-1245.4190719326764
3692.227897014171	-203.32452562440872	-1246.707607694686
3700.0667866107406	-203.53626389825854	-1248.0059051629232
3707.9509520992947	-203.74960795305154	-1249.314048660861
3715.8807904076502	-203.96457175673854	-1250.632123834589
3723.8567041161223	-204.1811694960291	-1251.9602176715414
3731.879101543872	-204.3994155794882	-1253.2984185194834
3739.9483968365976	-204.61932464067675	-1254.6468161057699
3748.065010055603	-204.8409115413367	-1256.0055015568728
3756.229367268235	-205.06419137462052	-1257.3745674181841
3764.4419006397475	-205.28917946836722	-1258.7541076741043
3772.7030485265886	-205.51589138842442	-1260.1442177684098
3781.0132555711457	-205.7443429420175	-1261.544994624913
3789.3729727979835	-205.97455018116707	-1262.956536668416
3797.7826577115648	-206.20652940615435	-1264.3789438459594
3806.2427743995922	-206.44029716925726	-1265.8123176497304
3814.753793688293	-206.67587028126536	-1267.2567611570096
3823.3161932088165	-206.9132658131303	-1268.7123790402918
3831.930457494295	-207.1525010992512	-1270.1792775874296
3840.5970780996468	-207.39359374195527	-1271.657564729108
3849.316553723815	-207.63656161606815	-1273.147350066866
3858.089390334456	-207.8814228735738	-1274.6487449016727
3866.916101295158	-208.1281959483686	-1276.1618622630738
3875.797207495264	-208.37689956111018	-1277.6868169389243
3884.7332374823195	-208.62755272416337	-1279.2237255057166
3893.724727597259	-208.88017474664701	-1280.7727063595237
3902.7722221123577	-209.13478523958244	-1282.3338797475676
3911.8762733720255	-209.39140412114668	-1283.9073678004315
3921.0374419365367	-209.65005162203346	-1285.4932945649302
3930.256296728718	-209.91074829092355	-1287.0917860376528
3939.5334151837264	-210.1735150000685	-1288.7029701991987
3948.8693834019336	-210.4383729509889	-1290.3269770491193
3958.2647963050345	-210.7053436802914	-1291.9639386415838
3967.7202577954486	-210.9744490656069	-1293.613989121791
3977.2363809190797	-211.24571133165222	-1295.2772647631364
3986.8137880315458	-211.51915305641984	-1296.9539040051661
3996.4531109679265	-211.7947971774971	-1298.6440474923227
4006.1549912161668	-212.07266699851945	-1300.3478381135155
4015.9200800941717	-212.35278619576076	-1302.0654210425282
4025.7490389307595	-212.6351788248648	-1303.7969437792947
4035.6425393080044	-212.9198693307543	-1305.542556210657
4045.6012632577394	-213.20688255503993	-1307.3024106557962
4055.6259034167783	-213.49624374118866	-1309.0766618979192
4065.7171632351724	-213.7879785424272	-1310.865467232723
4075.875757189406	-214.0821130298338	-1312.6689865180085
4086.102411000699	-214.37867370062395	-1314.4873822244867
4096.3978618585115	-214.677687486634	-1316.3208194877952
4106.762858649462	-214.97918176301036	-1318.1694661617787
4117.198162191747	-215.28318435710824	-1320.0334928730513
4127.7045454752615	-215.58972355760736	-1321.9130730768918
4138.282793907591	-215.89882812385042	-1323.8083831145025
4148.933705565997	-216.21052729541012	-1325.7196022716712
4159.658091455626	-216.52485080189317	-1327.646912838885
4170.456775774085	-216.84182887298553	-1329.590500172925
4181.330596182578	-217.16149224874897	-1331.5505527599985
4192.280404083824	-217.48387219017388	-1333.527262280448
4203.307064906893	-217.8090004899975	-1335.5208236750811
4214.411458399257	-218.13690948379454	-1337.531435213177
4225.594478926171	-218.46763206134906	-1339.5592985622116
4236.857035777678	-218.80120167831507	-1341.6046188593584
4248.200053483437	-219.13765236817616	-1343.6676047848182
4259.62447213561	-219.47701875451108	-1345.7484686370283
4271.131247720058	-219.8193360635768	-1347.8474264098163
4282.7213524560975	-220.16464013721682	-1349.9646978715493
4294.395775145071	-220.51296744610596	-1352.1005066463458
4306.155521528025	-220.86435510334175	-1354.2550802974117
4318.001614652748	-221.2188408783926	-1356.4286504125675
4329.935095250836	-221.57646321143295	-1358.6214526921437
4341.957022180185	-221.93726123089272	-1360.833727056588
4354.068472815967	-222.30127476822415	-1363.0657177370103
4366.270543427294	-222.66854437180442	-1365.3176733604275
4378.564349603228	-223.03911132322264	-1367.5898470496297
4390.9510266905845	-223.41301765402005	-1369.8824965258243
4403.43173024386	-223.79030616289623	-1372.195884214138
4416.007636487716	-224.17102043339793	-1374.5302773520775
4428.6799427924325	-224.5552048521064	-1376.8859481010475
4441.449868162746	-224.9429046273394	-1379.2631736610242
4454.318653740546	-225.33416580838548	-1381.6622363884928
4467.287563321864	-225.7290353052886	-1384.0834239177586
4480.357883888656	-226.12756090920155	-1386.5270292857465
4493.530926155905	-226.5297913133279	-1388.9933510604092
4506.808025134496	-226.93577613447195	-1391.4826934728628
4520.190540710502	-227.34556593521881	-1393.995366553387
4533.679858241358	-227.75921224676512	-1396.5316862714137
4547.277389169549	-228.1767675924234	-1399.0919746796474
4560.984571654454	-228.59828551182542	-1401.6765600624697
4574.802871222907	-229.02382058584573	-1404.285777088762
4588.733781439206	-229.45342846227413	-1406.919966969319
4602.77882459522	-229.88716588226197	-1409.579477619006
4616.939552421313	-230.32509070756993	-1412.2646638238336
4631.217546818866	-230.7672619486475	-1414.9758874131294
4645.614420615108	-231.21373979357222	-1417.713517436981
4660.131818341149	-231.66458563788197	-1420.4779303491584
4674.771417033978	-232.1198621153312	-1423.2695101956983
4689.53492706336	-232.57963312960624	-1426.08864880937
4704.424092984537	-233.043963887035	-1428.935746010238
4719.440694417671	-233.5129209303275	-1431.8112098125475
4734.586546955043	-233.98657217338595	-1434.7154566381657
4749.863503097049	-234.46498693722563	-1437.6489115368342
4765.273453218059	-234.94823598704627	-1440.6120084134775
4780.81832657617	-235.43639157113407	-1443.6051902667336
4796.50009241066	-235.92952746373152	-1446.6289094518172
4812.320760949547	-236.42771900311266	-1449.683627913981
4828.282384500364	-236.93104313339796	-1452.7698174449092
4844.387058590015	-237.43957844839971	-1455.88795995156
4860.636923142591	-237.95340523693585	-1459.0385477340133
4877.034163696638	-238.47260552966813	-1462.2220837726627
4893.581012663489	-238.99726314752857	-1465.4390820251504
4910.279750628258	-239.52746375179586	-1468.6900677334136
4927.132707695234	-240.06329489588927	-1471.9755777412668
4944.142264879518	-240.6048460789506	-1475.2961608229448
4961.310855546706	-241.15220880128575	-1478.6523780230493
4978.640966902694	-241.70547662174536	-1482.0448030083844
4996.13514153559	-242.26474521712203	-1485.474022432158
5013.795979011954	-242.83011244364988	-1488.9406363110736
5031.626137529638	-243.40167840069583	-1492.44525841586
5049.62833562958	-243.97954549673224	-1495.98851667579
5067.805353969111	-244.56381851769206	-1499.5710535978085
5086.160037159347	-245.15460469780498	-1503.1935267008726
5104.695295669435	-245.75201379302382	-1506.8566089661726
5123.414107800605	-246.3561581571533	-1510.560989303926
5142.319521732969	-246.96715282079856	-1514.307373037458
5161.414657648359	-247.58511557325858	-1518.0964824053412
5180.702709932493	-248.21016704749445	-1521.929057082388
5200.186949460025	-248.8424308083091	-1525.8058547203343
5219.870725966215	-249.48203344388503	-1529.7276515091146
5239.757470509061	-250.1291046608281	-1533.6952427596327
5259.850698026079	-250.78377738288177	-1537.7094435090407
5280.154009990003	-251.44618785347637	-1541.77108914953
5300.6710971679695	-252.11647574229147	-1545.8810360817315
5321.405742489027	-252.79478425602028	-1550.040162393881
5342.36182402497	-253.48126025352934	-1554.2493685679324
5363.543318089886	-254.1760543656246	-1558.5095782139183
5384.954302464013	-254.8793211196396	-1562.8217388338767
5406.598959747824	-255.59121906907887	-1567.1868226167728
5428.48158085268	-256.3119109285603	-1571.6058272659163
5450.6065686345555	-257.0415637143121	-1576.0797768604316
5472.978441686831	-257.78034889091737	-1580.609722755042
5495.60183838659	-258.52844252868886	-1585.1967445450277
5518.481520934858	-259.2860254593735	-1589.8419510209492
5541.622379611901	-260.0532834405682	-1594.5464811767797
5565.029437247696	-260.8304073287663	-1599.3115052709588
5588.707853884764	-261.61759325987964	-1604.138225933286
5612.662931643132	-262.41504283761685	-1609.0278793199827
5636.900119797889	-263.2229633301274	-1613.9817363194377
5661.425020080474	-264.04156787534197	-1619.0011038112755
5686.243392215313	-264.87107569546674	-1624.0873259815517
5711.361159704406	-265.7117123211181	-1629.2417856970626
5736.784415872969	-266.5637098256126	-1634.4659059419182
5762.519430190235	-267.42730706996	-1639.761151319748
5788.5726548803805	-268.30274995914374	-1645.1290296251116
5814.950731839338	-269.1902917103034	-1650.5710934878912
5841.660499874498	-270.09019313348324	-1656.0889420947335
5868.709002285172	-271.00272292564256	-1661.6842229918084
5896.1034948029655	-271.9281579786768	-1667.358633973474
5923.851453912515	-272.86678370224587	-1673.1139250617373
5951.960585574155	-273.8188943622528	-1678.9519005816733
5980.4388343718565	-274.7847934358829	-1684.8744213383886
6009.294393110995	-275.764793984162	-1690.8834069014065
6038.5357128924725	-276.75921904307046	-1696.9808380028248
6068.171513691299	-277.7684020343084	-1703.168759055972
6098.210795469785	-278.79268719689185	-1709.4492808017867
6128.662849857662	-279.8324300408392	-1715.8245830906499
6159.537272433483	-280.8879978242928	-1722.2969178079088
6190.84397564441	-281.95977005552214	-1728.8686119519678
6222.593202403854	-283.04813902135265	-1735.5420708744107
6254.795540409456	-284.15351034367916	-1742.3197816923255
6287.461937227029	-285.27630356584626	-1749.2043168837638
6320.603716189208	-286.4169527708026	-1756.198338078024
6354.232593161547	-287.5759072330871	-1763.3046000533784
6388.3606942323795	-288.7536321068513	-1770.5259549557643
6423.00057438731	-289.9506091522965	-1777.8653567530127
6458.165237233828	-291.167337503085	-1785.3258659403202
6493.868155846405	-292.404334477479	-1792.9106545138397
6530.123294808314	-293.6621364361855	-1800.623011230655
6566.945133532034	-294.9412996901126	-1808.4663471747913
6604.348690946964	-296.2424014615037	-1816.444201650521
6642.349551650246	-297.5660409022008	-1824.5602484259612
6680.963893629961	-298.91284017334164	-1832.8183023533586
6720.208517925648	-300.2834456021721	-1841.2223264622212
6760.100879727111	-301.67852889293437	-1849.7764393840137
6800.659121379314	-303.09878841210826	-1858.4849232327635
6841.90210760574	-304.5449505611509	-1867.3522320221718
6883.849462964947	-306.01777123651016	-1876.3830006178516
6926.521611709848	-307.51803738354715	-1885.582054265383
6969.939820233886	-309.0465686515816	-1894.9544187384124
7000	-310.10624381962566	-1901.451938354546
