11.072536696701407	1.1002004008016035	-3.7159373001036227
11.096427805194356	1.101382721412138	-3.7199305991918306
11.120459281746745	1.1025741096257438	-3.7239545241955074
11.1446323802163	1.103774645869539	-3.7280093467580104
11.168948372576295	1.1049844118430587	-3.7320953428202936
11.193408549203246	1.1062034905372407	-3.736212792685038
11.218014219169426	1.1074319662537069	-3.740361981081772
11.24276671054023	1.1086699246243454	-3.7445431972330114
11.26766737067654	1.1099174526311957	-3.7487567349214186
11.292717566542125	1.1111746386266435	-3.7530028925580177
11.317918685016243	1.1124415723539354	-3.7572819732514735
11.343272133211451	1.113718344968009	-3.761594284878456
11.368779338796806	1.1150050490566563	-3.7659401401551102
11.39444175032649	1.1163017786620169	-3.770319856709655
11.42026083757401	1.1176086293024101	-3.774733757156122
11.446238091872038	1.1189256979945144	-3.779182169169263
11.472375026484814	1.1202530832785127	-3.7836654255694833
11.498673177116936	1.1215908852563117	-3.7881838644519212
11.525134102133563	1.1229392056013185	-3.7927378292194756
11.55175938292691	1.1242981475823288	-3.7973276686634834
11.578550624328749	1.1256678160916542	-3.8019537370587244
11.605509455031543	1.1270483176738335	-3.806616394260389
11.632637528018423	1.1284397605549386	-3.811316005803063
11.659936521002246	1.1298422546724949	-3.8160529430017824
11.687408136873957	1.131255911706024	-3.820827583055192
11.715054104160469	1.1326808451082326	-3.8256403091508866
11.742876177492318	1.1341171701368586	-3.830491510572968
11.770876138081338	1.1355650038871896	-3.8353815828118836
11.7990557942086	1.1370244653252781	-3.840310927676605
11.827416981722875	1.1384956753218636	-3.845279953409203
11.855961564549897	1.1399787566870223	-3.850289074801875
11.88469143521269	1.1414738342055644	-3.8553387133165034
11.913608515363256	1.142981034673195	-3.8604292972067853
11.942714756325893	1.1445004869334627	-3.865561261643029
11.972012139652467	1.14603232191551	-3.870735048839658
12.001502677689919	1.147576672672652	-3.875951108185506
12.03118841416036	1.1491336744218028	-3.881209896376985
12.06107142475404	1.1507034645837682	-3.886511877554171
12.091153817735554	1.1522861828244342	-3.891857523439921
12.121437734563614	1.1538819710968682	-3.8972473134820675
12.151925350524767	1.1554909736843602	-3.9026817349987915
12.182618875548691	1.1571133372603195	-3.908161283380926
12.213520554915384	1.1587492109374	-3.9136864622578766
12.244632669805222	1.160398746301302	-3.919257783611783
12.275957538026342	1.162062097461013	-3.924875767947217
12.307497514759895	1.1637394211002907	-3.9305409444650548
12.339254993323715	1.1654308765304178	-3.936253851240669
12.37123240595487	1.1671366257442681	-3.9420150354065266
12.40343222461174	1.1688568334717215	-3.9478250533393626
12.435856961796137	1.1705916672364698	-3.9536844708520364
12.468509171396079	1.1723412974142526	-3.959593863390226
12.501391449549837	1.1741058972925662	-3.965553816234095
12.534506435531899	1.1758856431318923	-3.9715649247050946
12.567856812661459	1.1776807142284893	-3.9776277943780407
12.601445309234204	1.179491292978793	-3.983743041298626
12.635274699478007	1.181317564945482	-3.9899112922065587
12.669347804533322	1.1831597189252474	-3.996133184764458
12.703667493459005	1.1850179470183337	-4.002409367792722
12.738236684264344	1.18689244469989	-4.008740501510522
12.773058344968133	1.1887834108932007	-4.015127257783142
12.808135494685581	1.190691048044845	-4.021570320375823
12.843471204743983	1.1926155622018522	-4.028070385214366
12.879068599827992	1.1945571630909109	-4.03462816065265
12.91493085915548	1.1965160641996986	-4.0412443677473355
12.951061217684908	1.1984924828604009	-4.047919740539941
12.987462967355246	1.2004866403354837	-4.054655026346546
13.024139458359436	1.2024987619058005	-4.061450986055373
13.06109410045253	1.2045290769611006	-4.068308394432479
13.098330364295562	1.2065778190930214	-4.075228040435835
13.135851782965243	1.2086452262025018	-4.082210727578123
13.173661953442144	1.2107315406042807	-4.0892572742796744
13.211764537928667	1.2128370091148464	-4.096368514165521
13.250163265370558	1.2149618831582338	-4.103545296422728
13.288861933022837	1.2171064188749434	-4.110788486168269
13.327864408060709	1.2192708772340097	-4.118098964827534
13.36717462923713	1.2214555241483247	-4.125477630523842
13.406796608588442	1.2236606305933273	-4.132925398479311
13.446734433189865	1.225886472729179	-4.140443201427508
13.486992266962556	1.228133332026542	-4.148031990038267
13.527574352533998	1.230401495396093	-4.155692733355123
13.568485013153603	1.2326912553218967	-4.163426419245782
13.609728654665497	1.23500290999878	-4.171234054866103
13.651309767540491	1.2373367634738488	-4.179116667138072
13.693232928969351	1.2396931257922936	-4.187075303242266
13.735502805019573	1.2420723131476432	-4.195111031125329
13.778124152857936	1.244474648036616	-4.20322494002299
13.821101823041232	1.2469004594187534	-4.211418140999223
13.864440761877653	1.2493500828809934	-4.219691767502098
13.908146013861408	1.2518238608073753	-4.2280469759369605
13.952222724183294	1.254322142554065	-4.236484946257574
13.996676141320028	1.256845284629894	-4.245006882575907
14.04151161970524	1.2593936508826231	-4.25361401379122
14.086734622485254	1.261967612691142	-4.262307594239246
14.132350724362798	1.2645675491638366	-4.271088904362153
14.178365614531998	1.267193847343345	-4.279959251400128
14.224785099708132	1.2698469024179653	-4.2889199701053995
14.271615107255794	1.2725271179399522	-4.297972423479541
14.318861688419245	1.2752349060509849	-4.307118003534986
14.366531021658929	1.2779706877150754	-4.316358132081683
14.41462941609828	1.2807348929592115	-4.325694261539864
14.463163315085225	1.2835279611220434	-4.335127875779993
14.512139299883037	1.2863503411118349	-4.344660490993996
14.561564093699792	1.2892024916921059	-4.354293656660014
14.611444565517106	1.2920848817470283	-4.364028956438791
14.66178773408637	1.2949979905592526	-4.373868009112029
14.712600772156698	1.2979423081056976	-4.383812469581424
14.7638910108496	1.3009183353636613	-4.3938640299025575
14.815665944186579	1.3039265846276764	-4.404024420355078
14.867933233775918	1.3069675798375642	-4.414295410550705
14.920700713665338	1.3100418569181485	-4.4246788105806205
14.973976395367528	1.313149964131133	-4.435176472203935
15.027768473065851	1.316292462439649	-4.445790290078951
15.082085329007935	1.3194699258860225	-4.456522203039073
15.136935539095196	1.3226829419833257	-4.4673741954152835
15.192327878676753	1.325932112121315	-4.478348298407193
15.24827132855668	1.329218051987379	-4.489446591504804
15.304775081223875	1.3325413920031595	-4.500671203963196
15.361848547314414	1.3359027777775374	-4.512024316332495
15.419501362316678	1.3393028705767107	-4.523508162045563
15.477743393530144	1.342742347812138	-4.535125029066035
15.53658474728922	1.346221903547143	-4.546877261599375
15.59603577646419	1.3497422490230402	-4.558767261869877
15.656107088251856	1.353304113205668	-4.570797491966582
15.71680955226925	1.3569082433532733	-4.582970475761313
15.778154308964432	1.3605554056067375	-4.595288800902171
15.840152778359151	1.3642463856031917	-4.607755120886029
15.90281666913898	1.3679819891141214	-4.620372157213727
15.966157988107337	1.3717630427091212	-4.63314270163192
16.03018905002076	1.3755903944465273	-4.646069618465691
16.094922487823727	1.3794649145922224	-4.659155847046321
16.16037126330238	1.3833874963679795	-4.672404404238832
16.226548678177473	1.387359056730786	-4.6858183870741525
16.293468385658294	1.3913805371846781	-4.6994009754911055
16.361144402480136	1.395452904626692	-4.713155435193611
16.429591121449626	1.3995771522286444	-4.727085120628913
16.498823324523293	1.4037543003565436	-4.741193478092888
16.568856196446465	1.407985397529539	-4.755484048968923
16.639705338981027	1.4122715214204413	-4.769960473107166
16.711386785754772	1.4166137799001488	-4.784626492352096
16.78391701806619	1.4210133121538135	-4.799485954312381
16.8573129810098	1.4254712898143505	-4.814542816189316
16.931592100200287	1.4299889181365828	-4.829801148742509
17.006772299463837	1.4345674372426562	-4.845265140496283
17.082872019332545	1.4392081234241962	-4.860939102137722
17.15991023638535	1.4439122905042991	-4.876827471116808
17.237906483481733	1.4486812912626166	-4.892934816459659
17.316880870937208	1.4535165189270203	-4.90926584380664
17.396854108692974	1.458419408735553	-4.925825400687869
17.4778475295353	1.4633914395726073	-4.942618482049423
17.559883113423982	1.4684341356835298	-4.959650236044433
17.642983512992977	1.4735490684721386	-4.976925970104215
17.72717208029058	1.4787378583859205	-4.994451157305543
17.812472894831068	1.4840021768940066	-5.012231443051276
17.898910793034446	1.4893437485633712	-5.030272652082746
17.986511399136266	1.4947643532390533	-5.048580795843471
18.075301157655126	1.5002658283346315	-5.067162080215259
18.16530736751138	1.50585007123957	-5.086022913649042
18.25655821789749	1.5115190418505755	-5.105169915714555
18.34908282600701	1.5172747652345495	-5.124609926094487
18.44291127673742	1.5231193344313114	-5.1443500140506995
18.538074664489848	1.5290549134048295	-5.164397488392043
18.634605137197987	1.535083740152346	-5.1847599079754545
18.732535942728063	1.5412081299814695	-5.205445092774363
18.83190147780225	1.5474304789660531	-5.22646113555096
18.93273733960947	1.5537532675924979	-5.247816414171618
19.03508038027975	1.5601790646089917	-5.26951960460773
19.138968764411903	1.5667105310911624	-5.291579694667497
19.2444420298589	1.573350424738658	-5.314005998507664
19.351541151991285	1.58010160441831	-5.336808171978099
19.46030861167634	1.5869670349707623	-5.359996228856228
19.57078846722964	1.5939497922988053	-5.383580558032933
19.683026430616373	1.6010530687571236	-5.40757194171647
19.797069948202342	1.608280178864767	-5.431981574726403
19.912968286379236	1.61563456536342	-5.456821084955459
20	1.6211645255551608	-5.475498578010002
