13.7858624646473	-2.209418837675351	-4.28947477866012
13.81560809067985	-2.211793170048966	-4.29408442471686
13.845528481973053	-2.2141857119533377	-4.298729423655353
13.87562519964254	-2.216596624901943	-4.303410089045836
13.905899827358713	-2.2190260729635196	-4.3081267394194525
13.93635397170493	-2.2214742228001967	-4.312879698342286
13.966989262541698	-2.2239412437062143	-4.317669294490532
13.99780735337692	-2.226427307647251	-4.322495861726843
14.028809921742337	-2.2289325893003515	-4.327359739177857
14.059998669576276	-2.2314572660944885	-4.332261271312938
14.09137532361283	-2.2340015182517545	-4.337200808024152
14.122941635777577	-2.236565528829198	-4.342178704707486
14.154699383589959	-2.2391494837613175	-4.347195322345355
14.186650370572446	-2.2417535719032307	-4.352251027590404
14.218796426666627	-2.244377985074512	-4.357346192850621
14.251139408656337	-2.2470229181037378	-4.362481196375823
14.2836812006313	-2.2496885688789807	-4.367656422355679
14.316423714620623	-2.2523751384245605	-4.372872261068725
14.349368890866932	-2.255082830920681	-4.378129108920487
14.3825186982827	-2.2578118537513983	-4.383427368536607
14.415875134963821	-2.260562417561109	-4.388767448872512
14.449440228713943	-2.2633347363122063	-4.394149765325354
14.483216037579805	-2.266129027343934	-4.3995747398482665
14.517204650397902	-2.268945511432469	-4.405042801067016
14.551408187352706	-2.2717844128522615	-4.410554384399091
14.585828800546746	-2.274645959438664	-4.416109932175288
14.620468674582881	-2.2775303826518885	-4.421709893763887
14.655330027159005	-2.280437917642307	-4.427354725697425
14.690415109675572	-2.2833688033171566	-4.433044891802206
14.725726207856203	-2.2863232824086603	-4.438780863330546
14.761265642381742	-2.2893016015436105	-4.444563119095872
14.797035769538093	-2.292304011314453	-4.450392145610728
14.833038981878193	-2.295330766351908	-4.45626843722776
14.869277708898474	-2.298382125399167	-4.462192496283772
14.9057544177302	-2.3014583513877045	-4.468164833246905
14.942471613846056	-2.3045597115147523	-4.4741859668670525
14.979431841782368	-2.307686477322473	-4.480256424329571
15.016637685877408	-2.3108389247788788	-4.486376741412379
15.05409177102613	-2.3140173343605444	-4.492547462646544
15.091796763451832	-2.317221991137153	-4.498769141480418
15.12975537149516	-2.3204531848579366	-4.505042340447458
15.167970346629186	-2.323711210071953	-4.511367631399746
15.206444484339901	-2.3269963662267457	-4.5177455956995205
15.245180624811073	-2.330308957736221	-4.524176824350965
15.284181653829851	-2.3336492940815425	-4.530661918196083
15.323450503714675	-2.3370176899145183	-4.537201488115428
15.362990154266043	-2.3404144651635437	-4.543796155233774
15.40280363374087	-2.343839945142178	-4.550446551130921
15.442894019851078	-2.3472944606604247	-4.557153318057739
15.483264440787195	-2.350778348138813	-4.5639171091576465
15.523918076267648	-2.3542919497253436	-4.57073858869366
15.564858158614548	-2.3578356134154	-4.57761843228119
15.606087973856742	-2.3614096931747026	-4.584557327126758
15.647610862860958	-2.365014549065409	-4.591555972272809
15.689430222491897	-2.3686505473754456	-4.5986150788488
15.73154950680214	-2.372318060751173	-4.605735370328768
15.77397222825277	-2.3760174683334894	-4.612917582795567
15.81670195896569	-2.3797491558974744	-4.620162465211974
15.859742332008528	-2.383513515995682	-4.627470779698894
15.90309704271326	-2.3873109481051986	-4.634843301820858
15.94676985002946	-2.3911418587785827	-4.642280820879068
15.990764577913353	-2.3950066617988024	-4.649784140212203
16.035085116753745	-2.3989057783383054	-4.657354077505239
16.079735424836045	-2.4028396371223466	-4.664991465106546
16.124719529845468	-2.406808674596707	-4.672697150353504
16.17004153041082	-2.4108133350999474	-4.680471995906926
16.215705597690025	-2.4148540710403377	-4.688316880094555
16.26171597699881	-2.418931343077621	-4.696232697263953
16.3080769894839	-2.423045620309758	-4.704220358145054
16.354793034002657	-2.427197380488632	-4.712280790268945
16.401868588975958	-2.4313871102299096	-4.720414938375296
16.449308214029113	-2.435615305189652	-4.728623764755247
16.497116551886247	-2.439882470276783	-4.736908249663906
16.54529833031994	-2.444189119871815	-4.745269391744984
16.593858364156915	-2.448535778051907	-4.7537082084677476
16.64280155734177	-2.452922978822458	-4.762225736576631
16.69213290506058	-2.4573512663554546	-4.770823032553989
16.741857495926595	-2.461821195234829	-4.779501173096437
16.791980514230094	-2.4663333307090416	-4.788261255605237
16.842507242254676	-2.470888248951172	-4.797104398691242
16.89344306266227	-2.4754865373267614	-4.806031742694903
16.944793460949377	-2.480128794669683	-4.8150444502218575
16.99656402797693	-2.484815631566337	-4.824143706694679
17.04876046257657	-2.4895476706484603	-4.833330720921351
17.1013885742359	-2.4943255468948586	-4.842606725681069
17.154454285865707	-2.4991499079423862	-4.851972978327984
17.207963636651996	-2.5040214144065147	-4.861430761413578
17.26192278499608	-2.5089407402118327	-4.870981383328309
17.316338011545774	-2.513908572932845	-4.880626178963258
17.37121572232118	-2.5189256141454597	-4.890366510392519
17.426562451938537	-2.523992579789543	-4.900203767577082
17.482384866935757	-2.5291102005429735	-4.910139369091047
17.53868976920349	-2.5342792222076236	-4.920174762870975
17.59548409952569	-2.539500406107706	-4.93031142698927
17.652774941233844	-2.5447745295009816	-4.940550870452511
17.710569523979142	-2.5501023860032923	-4.950894634025663
17.768875227627234	-2.555484786026954	-4.961344291083195
17.82769958628013	-2.5609225572335363	-4.9719014484881265
17.887050292430374	-2.566416545001587	-4.982567747500094
17.94693520125247	-2.5719676129098925	-4.9933448647135785
18.007362335037122	-2.577576643236891	-5.004234513027482
18.068339887786568	-2.583244537478685	-5.015238442650835
18.129876230231417	-2.5889722169226723	-5.026358442216459
18.191979914597624	-2.594760623180509	-5.0375963398157
18.254659679582026	-2.6006107187460406	-5.0489540040816125
18.317924455616332	-2.6065234875893117	-5.060433345342205
18.3817833703138	-2.6124999357712877	-5.072036316813892
18.446245754106357	-2.6185410920801715	-5.083764915836867
18.51132114607983	-2.6246480086901913	-5.095621185154107
18.577019300015802	-2.6308217618438237	-5.107607214235873
18.643350190648615	-2.6370634525584236	-5.119725140651601
18.71032402014675	-2.643374207358313	-5.131977151491209
18.7779512248281	-2.6497551790334066	-5.144365484837936
18.846242482119237	-2.6562075474255322	-5.156892431294937
18.915208717769097	-2.6627325202436256	-5.169560335567945
18.98486111332831	-2.669331333909082	-5.182371598106484
19.055211113905724	-2.6760052544325754	-5.19532867680616
19.12627043621434	-2.682755578323744	-5.208434088774775
19.19805107691953	-2.6895836335351984	-5.22169041216507
19.27056532130309	-2.6964907804424088	-5.235100288077123
19.343825752257267	-2.7034784128610663	-5.2486664225335105
19.417845259623817	-2.710547959103647	-5.262391588530569
19.492637049893737	-2.717700883076957	-5.276278628169223
19.568214656284354	-2.7249386854225572	-5.290330454869064
19.644591949211183	-2.7322629047020546	-5.304550055669534
19.72178314717297	-2.73967511862936	-5.318940493622287
19.799802828069375	-2.747176945352129	-5.3335049102790455
19.878665940971704	-2.7547700447847108	-5.3482465282794545
19.958387818368298	-2.7624561199950746	-5.363168654043725
20	-2.766473372938755	-5.370967947182525
