14.874608749752067	-2.5791583166332672	-4.522339615328666
14.914179473858098	-2.583224860280479	-4.529469961424386
14.954042756232209	-2.5873278519621588	-4.536664216117384
14.994202009921118	-2.5914677215400985	-4.543923133134564
15.034660708012376	-2.5956449067541265	-4.55124748001631
15.07542238492805	-2.59985985339035	-4.558638038411489
15.116490637751387	-2.604113015453659	-4.566095604379919
15.157869127587396	-2.608404855344622	-4.573620988702539
15.199561580958408	-2.6127358440408908	-4.581215017199497
15.241571791235655	-2.6171064612832757	-4.588878531056404
15.283903620107973	-2.6215171957666135	-4.596612387159015
15.32656099908875	-2.6259685453355828	-4.604417458436573
15.369547931062327	-2.630461017185617	-4.612294634214087
15.412868491871016	-2.63499512806908	-4.620244820573854
15.45652683194403	-2.63957140450685	-4.6282689407264455
15.500527177969628	-2.644190383005499	-4.636367935391519
15.544873834661157	-2.6488526102886474	-4.644542763203474
15.589571186776007	-2.6535586435694243	-4.652794401189192
15.63462370068499	-2.65830905074428	-4.661123845107872
15.680035926237776	-2.663104410635367	-4.669532109876019
15.72581249874109	-2.6679453132500197	-4.678020230022426
15.771958140993831	-2.6728323600476998	-4.686589260156243
15.818477665380955	-2.6777661642146797	-4.695240275448601
15.865375976028197	-2.6827473509467104	-4.703974372128257
15.912658071019713	-2.687776557739967	-4.712792667991735
15.960329044680835	-2.6928544346905485	-4.721696302928483
16.008394089928164	-2.697981644802837	-4.730686439461545
16.05685850068941	-2.7031588643070186	-4.739764263304315
16.105727674395396	-2.7083867829861057	-4.748930983933941
16.155007114546788	-2.713666104512774	-4.758187835181938
16.204702433358214	-2.71899754679639	-4.767536075842677
16.25481935448253	-2.7243818423405703	-4.776976990300333
16.30536371581813	-2.7298197386116763	-4.786511889175006
16.356341472402253	-2.735311998418614	-4.796142109988676
16.407758699393476	-2.740859400304375	-4.805869017851731
16.45962159514663	-2.746462738949735	-4.815694006170825
16.511936484383455	-2.7521228255895616	-4.82561849737883
16.564709821462703	-2.7578404884421923	-4.835643943687724
16.617948193753154	-2.7636165731523836	-4.845771827865261
16.671658325113615	-2.769451943248324	-4.8560036640363045
16.725847079483756	-2.7753474806132497	-4.866340998509767
16.780521464616832	-2.7813040859766525	-4.876785410639908
16.835688636352035	-2.7873226794907504	-4.887338513837115
16.891355902364605	-2.7934042012159237	-4.898001956419087
16.94753072615395	-2.799549611641372	-4.908777422523756
17.004220731323656	-2.8057598922495854	-4.919666633099046
17.061433706005623	-2.8120360460998963	-4.930671346926078
17.119177607434164	-2.8183790984318913	-4.941793361677203
17.177460566676114	-2.824790097289483	-4.953034515010265
17.236290893523233	-2.8312701141664824	-4.964396685700549
17.295677081553578	-2.837820244674546	-4.97588179481198
17.355627813368727	-2.844441609234429	-4.9874918069091745
17.416151966014137	-2.8511353537915025	-4.999228731312039
17.477258616590284	-2.8579026505565444	-5.011094623394688
17.53895704806249	-2.8647446987728764	-5.023091585930549
17.601256755277902	-2.871662725510943	-5.035221770485603
17.664167451198303	-2.878657986491515	-5.047487378861788
17.727699073358043	-2.885731766938733	-5.05989066459275
17.791861790556695	-2.8928853824642693	-5.072433934494147
17.85666600979664	-2.900120179983983	-5.085119550270922
17.922122383476186	-2.907437538668447	-5.097949930183977
17.988241816849417	-2.914838870928876	-5.110927550778916
18.0550354757646	-2.9223256234399857	-5.124054948679541
18.122514794693448	-2.9298992782014515	-5.137334722449036
18.190691485064228	-2.937561353639688	-5.150769534521838
18.25957754391249	-2.945313405751761	-5.1643621132094015
18.3291852628637	-2.9531570292933695	-5.178115254783217
18.399527237463005	-2.961093859012885	-5.192031825638601
18.47061637686801	-2.9691255709335933	-5.206114764543004
18.542465913921472	-2.9772538836863713	-5.220367084972738
18.615089415880774	-2.985480559936724	-5.234791877615175
18.68850079552011	-2.993807407859836	-5.249392312955128
18.762714322116743	-3.0022362825849855	-5.264171643807506
18.837744633280717	-3.010769087762792	-5.279133208065356
18.913606747273736	-3.0194077771976873	-5.294280431562262
18.990316075835498	-3.0281543565478777	-5.309616831053091
19.067888437542067	-3.0370108850960897	-5.325146017318846
19.14634007172279	-3.045979477594622	-5.340871698401811
19.225687652963497	-3.055062306188416	-5.356797682977497
19.3059483062254	-3.064261602420062	-5.372927883870253
19.387139622610825	-3.0735796593208975	-5.389266321719831
19.469279675808757	-3.083018833592595	-5.405817128806622
19.552387039255116	-3.092581547883903	-5.422584553043729
19.63648080404473	-3.1022702931674724	-5.439572962144536
19.721580597634308	-3.1120876312220136	-5.456786847974964
19.807706603377962	-3.122036197225327	-5.474230831100136
19.894879580939484	-3.1321187024641213	-5.491909665535812
19.983120887628232	-3.1423379371668556	-5.5098282437155515
20	-3.1442952281628407	-5.513260190701041
