6.350987066270566	-0.9587174348697396	-2.841711647233475
6.369309441863114	-0.9603838425812936	-2.8466510068724347
6.387773390240344	-0.9620657063569297	-2.8516361794649563
6.406380673840534	-0.9637632213148193	-2.856667743356191
6.42513308767395	-0.9654765863058076	-2.861746287955221
6.444032460072643	-0.9672060039990027	-2.8668724139887503
6.463080653460903	-0.9689516809697154	-2.872046733761766
6.4822795651470155	-0.9707138277898287	-2.877269871425401
6.5016311281370545	-0.9724926591206744	-2.882542463252225
6.5211373119713985	-0.9742883938085004	-2.88786515791922
6.540800123584741	-0.9761012549826149	-2.8932386167986848
6.56062160819036	-0.9779314701562942	-2.8986635142573345
6.580603850189489	-0.9797792713305505	-2.9041405379638756
6.600748974106575	-0.9816448951008512	-2.909670389205331
6.621059145578065	-0.9835285827708613	-2.9152537832241796
6.641536572430925	-0.9854305804785224	-2.9208914495920664
6.66218350559133	-0.9873511392958869	-2.9265841325057167
6.683002240140341	-0.9892905153498209	-2.93233259114471
6.7039951164191605	-0.9912489699489906	-2.9381376000478747
6.725164521168099	-0.9932267697147318	-2.9439999495012
6.746512888700403	-0.9952241867159358	-2.949920445937645
6.768042702112282	-0.9972414986081074	-2.9558999123493153
6.789756494530397	-0.999278988776738	-2.961939188712437
6.811656850398258	-1.001336946485164	-2.968039132425615
6.833746406802901	-1.0034156670270662	-2.9742006187618575
6.856027854843381	-1.005515451883792	-2.980424541334887
6.87850394104263	-1.0076366088866735	-2.9867118125802645
6.901177468804332	-1.0097794523845383	-2.993063364251908
6.924051299916482	-1.0119443034166036	-2.999480147934559
6.947128356103433	-1.0141314898909595	-3.005963135572823
6.970411620628284	-1.0163413467688611	-3.0125133200174252
6.993904139947533	-1.0185742162550484	-3.0191317155893302
7.0176090254200245	-1.020830447994327	-3.02581935866243
7.041529455072299	-1.0231103992746613	-3.0325773082655165
7.065668675422587	-1.025414435237028	-3.0394066467043155
7.090030003365706	-1.0277429290923037	-3.046308480204347
7.114616828121308	-1.030096262345458	-3.053283939575459
7.139432613247988	-1.0324748250273525	-3.0603341808988924
7.164480898725925	-1.0348790159344492	-3.067460386237797
7.189765303110783	-1.037309242876744	-3.0746637643721253
7.2	-1.0382943218791836	-3.0775836137175765
