20	-3.9999999999999925	-5.744562646538029
20	-3.983967935871736	-5.744418995682475
20	-3.9679358717434794	-5.743990348443166
20	-3.951903807615223	-5.743280152385031
20	-3.9358717434869663	-5.742291841171527
20	-3.9198396793587102	-5.741028834564634
20	-3.9038076152304537	-5.739494538424871
20	-3.887775551102197	-5.737692344711274
20	-3.8717434869739407	-5.735625631481416
20	-3.855711422845684	-5.733297762891395
20	-3.8396793587174276	-5.730712089195837
20	-3.823647294589171	-5.7278719467479
20	-3.8076152304609145	-5.724780657999266
20	-3.791583166332658	-5.721441531500147
20	-3.7755511022044015	-5.717857861899286
20	-3.759519038076145	-5.714032929943951
20	-3.743486973947889	-5.709970002479942
20	-3.7274549098196323	-5.705672332451584
20	-3.711422845691376	-5.701143158901733
20	-3.6953907815631193	-5.696385706971773
20	-3.6793587174348628	-5.6914031879016145
20	-3.6633266533066062	-5.6861987990297
20	-3.6472945891783497	-5.680775723792999
20	-3.631262525050093	-5.675137131727009
20	-3.615230460921837	-5.669286178465755
20	-3.5991983967935806	-5.663226005741791
20	-3.583166332665324	-5.6569597413862045
20	-3.5671342685370675	-5.650490499328604
20	-3.551102204408811	-5.643821379597131
20	-3.5350701402805544	-5.636955468318453
20	-3.519038076152298	-5.629895837717768
20	-3.5030060120240414	-5.622645546118804
20	-3.486973947895785	-5.615207637943814
20	-3.4709418837675283	-5.607585143713581
20	-3.454909819639272	-5.599781080047416
20	-3.4388777555110153	-5.591798449663159
20	-3.422845691382759	-5.583640241377179
20	-3.4068136272545027	-5.575309430104372
20	-3.390781563126246	-5.566808976858166
20	-3.3747494989979896	-5.5581418287505135
20	-3.358717434869733	-5.549310918991896
20	-3.3426853707414765	-5.540319166891326
20	-3.32665330661322	-5.531169477856343
20	-3.3106212424849635	-5.5218647433930155
20	-3.2945891783567074	-5.512407841105939
20	-3.278557114228451	-5.50280163469824
20	-3.2625250501001943	-5.493048973971571
20	-3.246492985971938	-5.4831526948261144
20	-3.2304609218436813	-5.473115619260583
20	-3.2144288577154247	-5.462940555372213
20	-3.198396793587168	-5.452630297356773
20	-3.1823647294589117	-5.442187625508562
20	-3.166332665330655	-5.431615306220402
20	-3.1503006012023986	-5.4209160919836465
20	-3.134268537074142	-5.410092721388178
20	-3.1182364729458856	-5.399147919122407
20	-3.1022044088176295	-5.388084395973272
20	-3.086172344689373	-5.376904848826241
20	-3.0701402805611164	-5.365611960665309
20	-3.05410821643286	-5.354208400573
20	-3.0380761523046034	-5.34269682373037
20	-3.022044088176347	-5.331079871416997
20	-3.0060120240480903	-5.319360171010993
20	-2.9899799599198342	-5.307540335988994
20	-2.9739478957915777	-5.295622965926171
20	-2.957915831663321	-5.283610646496218
20	-2.9418837675350646	-5.271505949471358
20	-2.925851703406808	-5.259311432722344
20	-2.9098196392785516	-5.247029640218456
20	-2.893787575150295	-5.234663102027506
20	-2.8777555110220385	-5.222214334315831
20	-2.861723446893782	-5.209685839348298
20	-2.8456913827655255	-5.197080105488302
20	-2.829659318637269	-5.184399607197766
20	-2.8136272545090124	-5.171646805037143
20	-2.797595190380756	-5.158824145665415
20	-2.7815631262524994	-5.145934061840087
20	-2.7655310621242433	-5.132978972417202
20	-2.7494989979959867	-5.119961282351324
20	-2.73346693386773	-5.106883382695546
20	-2.7174348697394737	-5.093747650601496
20	-2.701402805611217	-5.08055644931932
20	-2.685370741482961	-5.067312128197702
20	-2.6693386773547045	-5.054017022683851
20	-2.653306613226448	-5.040673454323502
20	-2.6372745490981915	-5.027283730760925
20	-2.621242484969935	-5.01385014573891
20	-2.6052104208416784	-5.000374979098783
20	-2.589178356713422	-4.986860496780394
20	-2.5731462925851654	-4.9733089508221235
20	-2.557114228456909	-4.9597225793608795
20	-2.5410821643286523	-4.946103606632101
20	-2.5250501002003958	-4.932454242969751
20	-2.5090180360721392	-4.918776684806325
20	-2.4929859719438827	-4.9050731146728435
20	-2.476953907815626	-4.891345701198861
20	-2.46092184368737	-4.877596599112455
20	-2.4448897795591136	-4.8638279492402345
20	-2.428857715430857	-4.850041878507335
20	-2.4128256513026005	-4.836240499937424
20	-2.396793587174344	-4.822425912652692
20	-2.380761523046088	-4.8086002018738645
20	-2.3647294589178314	-4.794765438920189
20	-2.348697394789575	-4.7809236812094476
20	-2.3326653306613183	-4.767076972257946
20	-2.316633266533062	-4.753227341680522
20	-2.3006012024048053	-4.739376805190538
20	-2.2845691382765487	-4.725527364599892
20	-2.268537074148292	-4.711681007819001
20	-2.2525050100200357	-4.697839708856818
20	-2.236472945891779	-4.684005427820821
20	-2.2204408817635226	-4.670180110917018
20	-2.204408817635266	-4.656365690449945
20	-2.1883767535070096	-4.642564084822665
20	-2.172344689378753	-4.628777198536773
20	-2.1563126252504965	-4.615006922192389
20	-2.1402805611222404	-4.601255132488163
20	-2.124248496993984	-4.587523692221275
20	-2.1082164328657274	-4.573814450287429
20	-2.092184368737471	-4.560129241680865
20	-2.0761523046092143	-4.546469887494343
20	-2.060120240480958	-4.532838194919158
20	-2.0440881763527017	-4.51923595724513
20	-2.028056112224445	-4.5056649538606095
20	-2.0120240480961886	-4.492126950252475
20	-1.995991983967932	-4.47862369800613
20	-1.9799599198396756	-4.465156934805513
20	-1.963927855711419	-4.451728384433087
20	-1.9478957915831625	-4.438339756769844
20	-1.931863727454906	-4.424992747795305
20	-1.9158316633266494	-4.411689039587519
20	-1.899799599198393	-4.398430300323063
20	-1.8837675350701364	-4.3852181842770435
20	-1.8677354709418803	-4.372054331823096
20	-1.8517034068136238	-4.358940369433385
20	-1.8356713426853672	-4.3458779096786
20	-1.8196392785571107	-4.332868551227962
20	-1.8036072144288542	-4.3199138788492215
20	-1.7875751503005977	-4.3070154634086535
20	-1.7715430861723411	-4.294174861871066
20	-1.7555110220440846	-4.281393617299792
20	-1.739478957915828	-4.268673258856695
20	-1.7234468937875715	-4.256015301802167
20	-1.7074148296593155	-4.243421247495127
20	-1.691382765531059	-4.230892583393024
20	-1.6753507014028024	-4.2184307830518355
20	-1.6593186372745459	-4.206037306126067
20	-1.6432865731462893	-4.193713598368751
20	-1.6272545090180328	-4.181461091631452
20	-1.6112224448897763	-4.1692812038642595
20	-1.5951903807615198	-4.157175339115795
20	-1.5791583166332632	-4.145144887533205
20	-1.5631262525050067	-4.133191225362168
20	-1.5470941883767506	-4.1213157149468875
20	-1.531062124248494	-4.109519704730097
20	-1.5150300601202376	-4.09780452925306
20	-1.498997995991981	-4.086171509155567
20	-1.4829659318637245	-4.074621951175936
20	-1.466933867735468	-4.063157148151016
20	-1.4509018036072114	-4.051778379016184
20	-1.434869739478955	-4.0404869088053434
20	-1.4188376753506984	-4.029283988650927
20	-1.4028056112224419	-4.018170855783899
20	-1.3867735470941858	-4.007148733533748
20	-1.3707414829659292	-3.996218831328493
20	-1.3547094188376727	-3.985382344694682
20	-1.3386773547094162	-3.9746404552573904
20	-1.3226452905811596	-3.9639943307402232
20	-1.3066132264529031	-3.9534451249653126
20	-1.2905811623246466	-3.942993977853321
20	-1.27454909819639	-3.932642015423437
20	-1.2585170340681335	-3.922390349793381
20	-1.242484969939877	-3.9122400791793988
20	-1.226452905811621	-3.9021922878962663
20	-1.2104208416833644	-3.8922480463572873
20	-1.1943887775551079	-3.882408411074295
20	-1.1783567134268513	-3.8726744246576494
20	-1.1623246492985948	-3.8630471158162414
20	-1.1462925851703383	-3.853527499357489
20	-1.1302605210420817	-3.8441165761873375
20	-1.1142284569138252	-3.8348153333102633
20	-1.0981963927855687	-3.8256247438292705
20	-1.0821643286573122	-3.81654576694589
20	-1.066132264529056	-3.8075793479601834
20	-1.0501002004007995	-3.7987264182707396
20	-1.034068136272543	-3.789987895374677
20	-1.0180360721442865	-3.781364682867641
20	-1.00200400801603	-3.772857670443807
20	-0.9859719438877734	-3.7644677338958785
20	-0.9699398797595169	-3.7561957351150865
20	-0.9539078156312604	-3.7480425220911924
20	-0.9378757515030038	-3.7400089289124843
20	-0.9218436873747478	-3.7320957757657807
20	-0.9058116232464912	-3.724303868936426
20	-0.8897795591182347	-3.716634000808295
20	-0.8737474949899782	-3.7090869498637917
20	-0.8577154308617216	-3.701663480683847
20	-0.8416833667334651	-3.6943643439479206
20	-0.8256513026052086	-3.6871902764340017
20	-0.809619238476952	-3.680142001018606
20	-0.7935871743486955	-3.6732202266767806
20	-0.777555110220439	-3.6664256484820985
20	-0.7615230460921829	-3.6597589476066634
20	-0.7454909819639264	-3.653220791321105
20	-0.7294589178356699	-3.6468118329945844
20	-0.7134268537074133	-3.6405327120947883
20	-0.6973947895791568	-3.6343840541879344
20	-0.6813627254509003	-3.6283664709387677
20	-0.6653306613226437	-3.6224805601105614
20	-0.6492985971943872	-3.6167269055651183
20	-0.6332665330661307	-3.611106077262769
20	-0.6172344689378741	-3.6056186312623724
20	-0.6012024048096181	-3.600265109721317
20	-0.5851703406813615	-3.5950460408955185
20	-0.569138276553105	-3.5899619391394215
20	-0.5531062124248485	-3.585013304906
20	-0.537074148296592	-3.5802006247467557
20	-0.5210420841683354	-3.575524371311719
20	-0.5050100200400789	-3.570985003349448
20	-0.48897795591182236	-3.566582965707031
20	-0.47294589178356583	-3.562318689330084
20	-0.4569138276553093	-3.558192591262751
20	-0.4408817635270532	-3.554205074647705
20	-0.4248496993987967	-3.550356528726147
20	-0.40881763527054016	-3.546647328837808
20	-0.39278557114228363	-3.5430778364209465
20	-0.3767535070140271	-3.5396483990123486
20	-0.36072144288577057	-3.5363593502473307
20	-0.34468937875751404	-3.533211009859736
20	-0.3286573146292575	-3.5302036836819384
20	-0.312625250501001	-3.527337663644837
20	-0.29659318637274446	-3.5246132277778637
20	-0.28056112224448837	-3.522030640208975
20	-0.26452905811623184	-3.519590151164659
20	-0.2484969939879753	-3.5172919969699294
20	-0.23246492985971878	-3.515136400048331
20	-0.21643286573146225	-3.513123568921935
20	-0.20040080160320572	-3.5112536982113434
20	-0.1843687374749492	-3.5095269686356843
20	-0.16833667334669267	-3.5079435470126166
20	-0.15230460921843614	-3.506503586258325
20	-0.1362725450901796	-3.505207225387526
20	-0.12024048096192352	-3.504054589513462
20	-0.104208416833667	-3.503045789847905
20	-0.08817635270541047	-3.502180923701156
20	-0.07214428857715394	-3.5014600744820426
20	-0.05611222444889741	-3.5008833116979234
20	-0.04008016032064088	-3.5004506909546835
20	-0.02404809619238435	-3.500162253956738
20	-0.00801603206412782	-3.5000180285070295
20	0.008016032064128265	-3.5000180285070295
20	0.024048096192384794	-3.500162253956738
20	0.04008016032064132	-3.5004506909546835
20	0.05611222444889785	-3.5008833116979234
20	0.07214428857715438	-3.5014600744820426
20	0.08817635270541091	-3.502180923701156
20	0.10420841683366744	-3.5030457898479055
20	0.12024048096192397	-3.504054589513462
20	0.1362725450901805	-3.505207225387526
20	0.15230460921843703	-3.506503586258325
20	0.16833667334669355	-3.5079435470126166
20	0.18436873747495008	-3.5095269686356843
20	0.2004008016032066	-3.5112536982113434
20	0.21643286573146314	-3.5131235689219356
20	0.23246492985971967	-3.515136400048331
20	0.2484969939879762	-3.51729199696993
20	0.26452905811623184	-3.519590151164659
20	0.28056112224448837	-3.522030640208975
20	0.2965931863727449	-3.5246132277778637
20	0.31262525050100143	-3.5273376636448375
20	0.32865731462925796	-3.5302036836819384
20	0.3446893787575145	-3.5332110098597362
20	0.360721442885771	-3.5363593502473307
20	0.37675350701402754	-3.5396483990123486
20	0.3927855711422841	-3.5430778364209465
20	0.4088176352705406	-3.546647328837808
20	0.42484969939879713	-3.550356528726147
20	0.44088176352705366	-3.554205074647705
20	0.4569138276553102	-3.5581925912627512
20	0.4729458917835667	-3.5623186893300844
20	0.48897795591182325	-3.5665829657070316
20	0.5050100200400798	-3.5709850033494486
20	0.5210420841683363	-3.5755243713117193
20	0.5370741482965928	-3.580200624746756
20	0.5531062124248494	-3.5850133049060005
20	0.5691382765531059	-3.589961939139422
20	0.5851703406813615	-3.5950460408955185
20	0.6012024048096181	-3.600265109721317
20	0.6172344689378746	-3.605618631262373
20	0.6332665330661311	-3.611106077262769
20	0.6492985971943876	-3.6167269055651188
20	0.6653306613226442	-3.622480560110562
20	0.6813627254509007	-3.6283664709387677
20	0.6973947895791572	-3.6343840541879344
20	0.7134268537074138	-3.6405327120947883
20	0.7294589178356703	-3.6468118329945844
20	0.7454909819639268	-3.653220791321105
20	0.7615230460921834	-3.6597589476066634
20	0.7775551102204399	-3.666425648482099
20	0.7935871743486964	-3.673220226676781
20	0.8096192384769529	-3.6801420010186066
20	0.8256513026052095	-3.687190276434001
20	0.841683366733466	-3.694364343947921
20	0.8577154308617225	-3.7016634806838473
20	0.8737474949899791	-3.709086949863792
20	0.8897795591182356	-3.7166340008082956
20	0.9058116232464912	-3.724303868936426
20	0.9218436873747478	-3.7320957757657807
20	0.9378757515030043	-3.7400089289124847
20	0.9539078156312608	-3.748042522091193
20	0.9699398797595173	-3.756195735115087
20	0.9859719438877739	-3.7644677338958785
20	1.0020040080160304	-3.7728576704438073
20	1.018036072144287	-3.7813646828676415
20	1.0340681362725435	-3.789987895374677
20	1.0501002004008	-3.7987264182707396
20	1.0661322645290565	-3.807579347960184
20	1.082164328657313	-3.8165457669458904
20	1.0981963927855696	-3.8256247438292705
20	1.114228456913826	-3.8348153333102637
20	1.1302605210420826	-3.844116576187338
20	1.1462925851703392	-3.8535274993574893
20	1.1623246492985957	-3.863047115816242
20	1.1783567134268522	-3.87267442465765
20	1.1943887775551087	-3.8824084110742954
20	1.2104208416833644	-3.8922480463572873
20	1.226452905811621	-3.9021922878962663
20	1.2424849699398774	-3.912240079179399
20	1.258517034068134	-3.9223903497933814
20	1.2745490981963905	-3.9326420154234376
20	1.290581162324647	-3.9429939778533214
20	1.3066132264529036	-3.953445124965313
20	1.32264529058116	-3.9639943307402232
20	1.3386773547094166	-3.9746404552573913
20	1.3547094188376732	-3.985382344694682
20	1.3707414829659297	-3.996218831328494
20	1.3867735470941862	-4.007148733533748
20	1.4028056112224427	-4.018170855783899
20	1.4188376753506993	-4.029283988650928
20	1.4348697394789558	-4.0404869088053434
20	1.4509018036072123	-4.051778379016185
20	1.4669338677354689	-4.063157148151017
20	1.4829659318637254	-4.074621951175937
20	1.498997995991982	-4.086171509155567
20	1.5150300601202384	-4.097804529253061
20	1.531062124248494	-4.109519704730097
20	1.5470941883767506	-4.1213157149468875
20	1.5631262525050071	-4.133191225362168
20	1.5791583166332637	-4.145144887533206
20	1.5951903807615202	-4.1571753391157955
20	1.6112224448897767	-4.1692812038642595
20	1.6272545090180333	-4.181461091631452
20	1.6432865731462898	-4.193713598368752
20	1.6593186372745463	-4.206037306126067
20	1.6753507014028028	-4.2184307830518355
20	1.6913827655310594	-4.230892583393024
20	1.707414829659316	-4.243421247495127
20	1.7234468937875724	-4.256015301802168
20	1.739478957915829	-4.268673258856697
20	1.7555110220440855	-4.281393617299793
20	1.771543086172342	-4.294174861871067
20	1.7875751503005985	-4.307015463408654
20	1.803607214428855	-4.319913878849222
20	1.8196392785571116	-4.332868551227964
20	1.8356713426853681	-4.345877909678601
20	1.8517034068136238	-4.358940369433385
20	1.8677354709418803	-4.372054331823096
20	1.8837675350701368	-4.385218184277044
20	1.8997995991983934	-4.398430300323063
20	1.91583166332665	-4.411689039587519
20	1.9318637274549064	-4.424992747795306
20	1.947895791583163	-4.438339756769845
20	1.9639278557114195	-4.451728384433088
20	1.979959919839676	-4.465156934805514
20	1.9959919839679325	-4.478623698006131
20	2.012024048096189	-4.492126950252475
20	2.0280561122244456	-4.50566495386061
20	2.044088176352702	-4.519235957245131
20	2.0601202404809587	-4.532838194919159
20	2.076152304609215	-4.546469887494344
20	2.0921843687374717	-4.560129241680865
20	2.1082164328657282	-4.57381445028743
20	2.1242484969939848	-4.587523692221275
20	2.1402805611222413	-4.601255132488164
20	2.156312625250497	-4.615006922192388
20	2.1723446893787535	-4.628777198536773
20	2.18837675350701	-4.642564084822665
20	2.2044088176352665	-4.656365690449944
20	2.220440881763523	-4.670180110917018
20	2.2364729458917796	-4.684005427820822
20	2.252505010020036	-4.697839708856819
20	2.2685370741482926	-4.711681007819002
20	2.284569138276549	-4.725527364599891
20	2.3006012024048057	-4.739376805190539
20	2.3166332665330622	-4.753227341680522
20	2.3326653306613188	-4.7670769722579465
20	2.3486973947895753	-4.7809236812094476
20	2.364729458917832	-4.79476543892019
20	2.3807615230460883	-4.8086002018738645
20	2.396793587174345	-4.822425912652693
20	2.4128256513026014	-4.836240499937424
20	2.428857715430858	-4.850041878507336
20	2.4448897795591145	-4.863827949240236
20	2.460921843687371	-4.877596599112456
20	2.4769539078156266	-4.891345701198861
20	2.492985971943883	-4.905073114672844
20	2.5090180360721397	-4.918776684806324
20	2.525050100200396	-4.93245424296975
20	2.5410821643286527	-4.946103606632101
20	2.5571142284569093	-4.95972257936088
20	2.573146292585166	-4.973308950822124
20	2.5891783567134223	-4.986860496780395
20	2.605210420841679	-5.000374979098784
20	2.6212424849699354	-5.01385014573891
20	2.637274549098192	-5.027283730760925
20	2.6533066132264485	-5.040673454323504
20	2.669338677354705	-5.054017022683851
20	2.6853707414829615	-5.067312128197703
20	2.701402805611218	-5.080556449319321
20	2.7174348697394746	-5.093747650601496
20	2.733466933867731	-5.106883382695548
20	2.7494989979959876	-5.1199612823513245
20	2.765531062124244	-5.132978972417203
20	2.7815631262525007	-5.145934061840089
20	2.7975951903807563	-5.158824145665415
20	2.813627254509013	-5.171646805037144
20	2.8296593186372694	-5.184399607197768
20	2.845691382765526	-5.197080105488302
20	2.8617234468937824	-5.209685839348298
20	2.877755511022039	-5.222214334315832
20	2.8937875751502955	-5.234663102027507
20	2.909819639278552	-5.247029640218456
20	2.9258517034068086	-5.259311432722344
20	2.941883767535065	-5.271505949471358
20	2.9579158316633216	-5.283610646496218
20	2.973947895791578	-5.295622965926173
20	2.9899799599198347	-5.307540335988996
20	3.006012024048091	-5.319360171010993
20	3.0220440881763477	-5.331079871416997
20	3.0380761523046043	-5.34269682373037
20	3.054108216432861	-5.354208400573001
20	3.0701402805611173	-5.36561196066531
20	3.086172344689374	-5.376904848826241
20	3.1022044088176304	-5.388084395973273
20	3.118236472945886	-5.399147919122408
20	3.1342685370741425	-5.410092721388178
20	3.150300601202399	-5.420916091983647
20	3.1663326653306556	-5.431615306220403
20	3.182364729458912	-5.442187625508563
20	3.1983967935871687	-5.452630297356775
20	3.214428857715425	-5.462940555372214
20	3.2304609218436817	-5.473115619260583
20	3.2464929859719382	-5.483152694826115
20	3.262525050100195	-5.493048973971572
20	3.2785571142284513	-5.5028016346982405
20	3.294589178356708	-5.51240784110594
20	3.3106212424849644	-5.5218647433930155
20	3.326653306613221	-5.531169477856344
20	3.3426853707414774	-5.540319166891327
20	3.358717434869734	-5.549310918991897
20	3.3747494989979905	-5.558141828750513
20	3.390781563126247	-5.566808976858166
20	3.4068136272545035	-5.575309430104373
20	3.422845691382759	-5.583640241377179
20	3.4388777555110157	-5.591798449663159
20	3.4549098196392722	-5.599781080047416
20	3.4709418837675288	-5.607585143713582
20	3.4869739478957853	-5.615207637943815
20	3.503006012024042	-5.622645546118806
20	3.5190380761522984	-5.62989583771777
20	3.535070140280555	-5.636955468318454
20	3.5511022044088114	-5.643821379597131
20	3.567134268537068	-5.650490499328605
20	3.5831663326653245	-5.6569597413862045
20	3.599198396793581	-5.663226005741793
20	3.6152304609218375	-5.669286178465755
20	3.631262525050094	-5.675137131727009
20	3.6472945891783506	-5.680775723792999
20	3.663326653306607	-5.6861987990297
20	3.6793587174348636	-5.6914031879016145
20	3.69539078156312	-5.696385706971773
20	3.7114228456913767	-5.701143158901734
20	3.7274549098196332	-5.705672332451584
20	3.743486973947889	-5.709970002479942
20	3.7595190380761454	-5.714032929943952
20	3.775551102204402	-5.717857861899286
20	3.7915831663326585	-5.721441531500147
20	3.807615230460915	-5.724780657999265
20	3.8236472945891715	-5.7278719467479
20	3.839679358717428	-5.730712089195838
20	3.8557114228456846	-5.733297762891395
20	3.871743486973941	-5.735625631481416
20	3.8877755511021976	-5.737692344711275
20	3.903807615230454	-5.739494538424871
20	3.9198396793587107	-5.741028834564635
20	3.9358717434869672	-5.742291841171527
20	3.9519038076152238	-5.743280152385031
20	3.9679358717434803	-5.743990348443166
20	3.983967935871737	-5.744418995682475
20	3.9999999999999925	-5.744562646538029
